poisct,itnum,obj_diff,obj_val,val_mse,test_mse,time
17,0,0.006459077377590536,0.006459077377590536,0.010471982260458947,0.00930872074478539,0.060897
17,1,0.006464956034283068,-5.87865669253191e-06,0.01053742734420615,0.009264942960921731,0.748507
17,2,0.00646940121658417,-4.445182301102656e-06,0.010578366181577046,0.009231811226544671,1.422291
17,3,0.006474104221630701,-4.7030050465309e-06,0.010602330604243785,0.009206366588983923,2.090904
17,4,0.006480285534514309,-6.18131288360798e-06,0.01061466471953282,0.009187376042198776,2.756085
17,5,0.0064869537483306546,-6.66821381634531e-06,0.010622485792432475,0.009169919558773568,3.422328
17,6,0.006494301680550979,-7.3479322203248015e-06,0.01062803150708838,0.009154657821406117,4.097542
17,7,0.006502914408829542,-8.612728278562312e-06,0.01063740521843051,0.00914589386233142,4.766032
17,8,0.006511689676550608,-8.775267721066599e-06,0.010645973107737815,0.009138942234727377,5.435554
17,9,0.006520523953687844,-8.834277137236002e-06,0.01065211695531715,0.009131744497955771,6.105047
17,10,0.006529394891551821,-8.870937863976816e-06,0.010655858831263711,0.009123741691912789,6.776094
17,11,0.006538093887163371,-8.698995611549493e-06,0.010657470005802179,0.009114595958349946,7.443604
17,12,0.006546778797709736,-8.68491054636586e-06,0.010657703500391032,0.009105842573956998,8.109808
17,13,0.006555372079208503,-8.593281498766453e-06,0.010658333791966122,0.009097385433229915,8.776421
17,14,0.006563428762782179,-8.056683573676171e-06,0.01066074510237903,0.009086342810655523,9.445606
17,15,0.006571247537930171,-7.818775147991515e-06,0.010660979794904286,0.009073858581083522,10.118514
17,-1,None,None,0.010660979794904286,0.009073858581083522,10.146291
35,0,0.012207941910937456,0.012207941910937456,0.015332091332073493,0.013103688179937822,0.082159
35,1,0.012222805442896577,-1.4863531959121226e-05,0.015332712344533244,0.012994265978662576,1.334253
35,2,0.012235259248128785,-1.2453805232208112e-05,0.01534010686721966,0.012925937294002628,2.587413
35,3,0.012247825725060679,-1.2566476931893597e-05,0.015351813175798307,0.01287712451296603,3.83471
35,4,0.012261768284867726,-1.3942559807047367e-05,0.01535849641399786,0.012840373289983076,5.083419
35,5,0.012273113886062505,-1.1345601194779134e-05,0.015385257439001543,0.012797892997526449,6.330907
35,6,0.012283752085943535,-1.0638199881030444e-05,0.015403456065064314,0.012761755416144471,7.577018
35,7,0.012295206684543166,-1.1454598599630952e-05,0.015416729447197566,0.01273737167575533,8.82396
35,8,0.012307337041683302,-1.2130357140135994e-05,0.015425764645897464,0.012721382606590401,10.091397
35,9,0.012320215229035108,-1.2878187351805098e-05,0.015435464038247639,0.012709484013514676,11.353065
35,10,0.012333526450213598,-1.3311221178490679e-05,0.015437655263488797,0.012701983457005137,12.617523
35,11,0.012347189940689632,-1.3663490476033616e-05,0.015438821239202047,0.01269880263159079,13.86701
35,12,0.01236112524625089,-1.393530556125823e-05,0.015434184191596296,0.012698130461101438,15.114732
35,13,0.01237526092854398,-1.4135682293090271e-05,0.015429075556184897,0.01270042629732292,16.360991
35,14,0.012389567856451603,-1.4306927907622655e-05,0.015424417923726418,0.012705380957417967,17.609332
35,15,0.012404024809948025,-1.445695349642194e-05,0.015420982755209771,0.01271408959793697,18.851285
35,-1,None,None,0.015420982755209771,0.01271408959793697,18.8855
55,0,0.018518023621588976,0.018518023621588976,0.022538908845158967,0.018645561946918247,0.077994
55,1,0.01854678865467104,-2.8765033082064906e-05,0.022635775358848326,0.018449204773029897,2.031799
55,2,0.0185681350489774,-2.1346394306360345e-05,0.022733010178974476,0.018338797379605448,4.032465
55,3,0.018588913025084492,-2.077797610709059e-05,0.022802622439222833,0.018266560882995168,6.001777
55,4,0.01860676464343429,-1.7851618349797732e-05,0.022845684150082052,0.01821597571904098,8.123693
55,5,0.01862550623932362,-1.8741595889330137e-05,0.02290056340703579,0.01818360882503634,10.066561
55,6,0.018645810243883815,-2.030400456019474e-05,0.02296685478825431,0.018166317727703624,12.01612
55,7,0.018667232707348193,-2.1422463464378094e-05,0.023040965339596577,0.018163951294060194,13.957996
55,8,0.018689637267418485,-2.24045600702924e-05,0.023105693226278534,0.018168547937170626,15.898686
55,9,0.01871227749593189,-2.26402285134035e-05,0.023163955378608984,0.018175447868521183,17.839376
55,10,0.018733381975602637,-2.110447967074852e-05,0.02321317635206317,0.018190456368475716,19.785577
55,11,0.01875451080659176,-2.1128830989123465e-05,0.023261711732039076,0.01820703472735731,21.757412
55,12,0.018775339394232437,-2.0828587640676216e-05,0.023314610859045,0.018221687706291418,23.741062
55,13,0.01879602767428436,-2.068828005192397e-05,0.023366299297443032,0.018240672866531304,25.690114
55,14,0.018816836710155636,-2.0809035871274806e-05,0.02342355920505936,0.018264377026029396,27.632352
55,15,0.018837781648082506,-2.0944937926870022e-05,0.023481433426646582,0.01829036624892842,29.572567
55,-1,None,None,0.023481433426646582,0.01829036624892842,29.615314
76,0,0.0257999707225087,0.0257999707225087,0.03431496612754309,0.0281329289928841,0.09291
76,1,0.025836827683447115,-3.685696093841395e-05,0.03433261410746037,0.02776041022645026,2.768032
76,2,0.025862503435272292,-2.567575182517781e-05,0.03449172231051141,0.027572139224059357,5.905835
76,3,0.025887079396080145,-2.457596080785232e-05,0.034547492371886424,0.027377336584081174,8.653196
76,4,0.025905535689633035,-1.8456293552890357e-05,0.03459148983312296,0.027248602336913827,11.318048
76,5,0.025923986277441986,-1.8450587808950536e-05,0.03461697860586446,0.02716327392544402,13.978112
76,6,0.025943414450605932,-1.9428173163946877e-05,0.03468060075825453,0.027149972800202996,16.639766
76,7,0.02596325058837592,-1.9836137769988632e-05,0.03474745007737448,0.02715786163114636,19.301342
76,8,0.02598148165471276,-1.8231066336839297e-05,0.0347924468061199,0.027182247443593276,21.974925
76,9,0.02600003496966127,-1.855331494850926e-05,0.034833532627350866,0.027213821900020557,24.64831
76,10,0.026018193034810524,-1.8158065149254804e-05,0.03488512123964462,0.02724641320732308,27.311905
76,11,0.02603594568603319,-1.7752651222665422e-05,0.034940249105944905,0.027286812683624234,29.972647
76,12,0.026053439029535556,-1.749334350236581e-05,0.035009285321250735,0.02734773834985287,32.621718
76,13,0.026070494702437087,-1.7055672901531566e-05,0.035074711923902414,0.027412616793449644,35.268528
76,14,0.026083383628137738,-1.2888925700650644e-05,0.03512773943374951,0.02747368461842474,37.915477
76,15,0.026095928711321305,-1.2545083183566896e-05,0.03517535600176677,0.027535082436988798,40.568795
76,-1,None,None,0.03517535600176677,0.027535082436988798,40.62309
100,0,0.03490151022925083,0.03490151022925083,0.046223479235590836,0.03832582000993988,0.075147
100,1,0.03491866790842167,-1.7157679170841378e-05,0.046299885899452144,0.03759509864071189,3.613811
100,2,0.03493391975572742,-1.5251847305747246e-05,0.04636595278743292,0.0371695290773925,7.130412
100,3,0.03495068852017575,-1.6768764448331364e-05,0.046373825879436954,0.03691595895192202,10.680234
100,4,0.034969657412247446,-1.8968892071695442e-05,0.04635999527429288,0.03675146606240121,14.464429
100,5,0.034993301995535776,-2.364458328833058e-05,0.04634393868364642,0.036662210719811246,17.98011
100,6,0.03501577089130647,-2.2468895770691444e-05,0.046331670900000274,0.036616956836739524,21.467998
100,7,0.03503559190927254,-1.9821017966069332e-05,0.04633435278887256,0.03659571712393806,24.966979
100,8,0.035052740550749986,-1.71486414774491e-05,0.04639181978509217,0.03664018475981953,28.463853
100,9,0.035071469373744786,-1.8728822994799887e-05,0.046459997552702664,0.0366938255688691,31.964277
100,10,0.03509102081352376,-1.955143977897672e-05,0.046532162564640565,0.03676570501998847,35.57423
100,11,0.03511062666635438,-1.9605852830617554e-05,0.04660376868471639,0.03683651809041036,39.080572
100,12,0.035129598283463154,-1.8971617108773375e-05,0.04667255157211927,0.036897660391841704,42.585822
100,13,0.035148082311034876,-1.848402757172185e-05,0.04674102342055086,0.036960117155495985,46.093296
100,14,0.035166432868518456,-1.8350557483580443e-05,0.04679353007335158,0.037010225173925264,49.579239
100,15,0.03518489824303883,-1.8465374520375277e-05,0.04683335996850216,0.03705507602672265,53.074886
100,-1,None,None,0.04683335996850216,0.03705507602672265,53.125764
-----------------
Unpoisoned:
Validation MSE:0.00171666323317184
Test MSE:0.0018676743010748156
-----------------
Poisoned:
Validation MSE:0.04683335996850216
Test MSE:0.03705507602672265
-----------------
Defensed:
Validation MSE:0.0017167025601095584
Test MSE:0.0018660963064407302
-----------------
