poisct,itnum,obj_diff,obj_val,val_mse,test_mse,time
17,0,0.006161501715031325,0.006161501715031325,0.02290562222075181,0.022805271735760756,0.03688
17,1,0.006705577162728138,-0.0005440754476968134,0.5253782174105897,1.951250060416624,0.883214
17,2,0.0069524659485031195,-0.00024688878577498134,0.6781077020760188,2.5328713401577807,1.668747
17,3,0.0069801583220384265,-2.769237353530702e-05,0.6659621908591218,2.4785335950502274,2.412263
17,4,0.007012180062955044,-3.2021740916617254e-05,0.6505277280892457,2.4100285018552428,3.162393
17,5,0.007038592674806285,-2.641261185124151e-05,0.637599625356905,2.3535194482751827,3.885159
17,6,0.007056227113636491,-1.763443883020556e-05,0.6290296282950374,2.3168401061975543,4.63827
17,7,0.007066370602926931,-1.0143489290440413e-05,0.6242559639428964,2.2955867612111778,5.381643
17,8,0.007073740471041017,-7.369868114085951e-06,0.6192850028709451,2.2738846343768446,6.122553
17,9,0.007073740471041017,0.0,0.6192850028709451,2.2738846343768446,6.83452
17,10,0.007073740471041017,0.0,0.6192850028709451,2.2738846343768446,7.559622
17,11,0.007073740471041017,0.0,0.6192850028709451,2.2738846343768446,8.300349
17,12,0.007073740471041017,0.0,0.6192850028709451,2.2738846343768446,9.178965
17,13,0.007073740471041017,0.0,0.6192850028709451,2.2738846343768446,9.90491
17,14,0.007073740471041017,0.0,0.6192850028709451,2.2738846343768446,10.622021
17,15,0.007073740471041017,0.0,0.6192850028709451,2.2738846343768446,11.328818
17,-1,None,None,0.6192850028709451,2.2738846343768446,11.338458
35,0,0.012425660485534326,0.012425660485534326,0.04954980534092715,0.038038560517489065,0.020226
35,1,0.012425660485534326,0.0,0.04954980534092715,0.038038560517489065,1.52538
35,2,0.012425660485534326,0.0,0.04954980534092715,0.038038560517489065,2.985616
35,3,0.012425660485534326,0.0,0.04954980534092715,0.038038560517489065,4.42336
35,4,0.012425660485534326,0.0,0.04954980534092715,0.038038560517489065,5.850195
35,5,0.012425660485534326,0.0,0.04954980534092715,0.038038560517489065,7.260433
35,6,0.012425660485534326,0.0,0.04954980534092715,0.038038560517489065,8.695061
35,7,0.012425660485534326,0.0,0.04954980534092715,0.038038560517489065,10.115509
35,8,0.012425660485534326,0.0,0.04954980534092715,0.038038560517489065,11.53706
35,9,0.012425660485534326,0.0,0.04954980534092715,0.038038560517489065,12.989308
35,10,0.012425660485534326,0.0,0.04954980534092715,0.038038560517489065,14.44272
35,11,0.012425660485534326,0.0,0.04954980534092715,0.038038560517489065,15.889434
35,12,0.012425660485534326,0.0,0.04954980534092715,0.038038560517489065,17.311511
35,13,0.012425660485534326,0.0,0.04954980534092715,0.038038560517489065,18.743358
35,14,0.012425660485534326,0.0,0.04954980534092715,0.038038560517489065,20.162211
35,15,0.012425660485534326,0.0,0.04954980534092715,0.038038560517489065,21.584784
35,-1,None,None,0.04954980534092715,0.038038560517489065,21.597495
55,0,0.020117919844910757,0.020117919844910757,0.10107345517717618,0.12155652591179505,0.021865
55,1,0.020314777821716756,-0.00019685797680599887,0.9330860520109319,3.3580111882196992,2.3841
55,2,0.014724104776102833,0.005590673045613923,0.9080191075278318,3.378596289837254,4.785989
55,3,0.015774466453135617,0.00454031136858114,1.1650144205944704,4.33694271120254,7.265327
55,4,0.017435411774599188,0.002879366047117568,1.2925511975440704,4.84458803105238,9.700067
55,5,0.018941392984727478,0.0013733848369892783,1.2650505397080791,4.700945460084069,12.169787
55,6,0.0196575223231379,0.0006572554985788577,1.1935581174998522,4.40116209459451,14.591086
55,7,0.02005647689945601,0.00025830092226074644,1.1182162841632524,4.089309379021961,17.183696
55,8,0.020284498811406478,3.027901031027805e-05,1.033478231783451,3.765395922623516,19.567086
55,9,0.020406166997205787,-9.13891754890303e-05,0.9634004578209248,3.485531639669658,21.89228
55,10,0.02022877334376314,0.00017739365344264513,1.0277293942291255,3.7401540079645157,24.211675
55,11,0.020278328050182037,0.00012783894702374926,1.014781322240161,3.688839817047153,26.517901
55,12,0.02032697513713171,7.919186007407722e-05,1.000145294235039,3.6309416702390536,28.809596
55,13,0.02034835041300793,5.7816584197855486e-05,0.9919382224777245,3.5984457385851782,31.076271
55,14,0.020364070997562992,4.209599964279456e-05,0.9852490871765315,3.571971153970109,33.341912
55,15,0.020375092230642364,3.107476656342284e-05,0.9800909911141267,3.55155935029511,35.623166
55,-1,None,None,0.9634004578209248,3.485531639669658,35.638698
76,0,0.02828367121764969,0.02828367121764969,0.13217755558179972,0.17761060111082883,0.017611
76,1,0.02853245436008559,-0.00024878314243589883,0.3111243120160961,0.9420634072857434,3.645076
76,2,0.02892611815545685,-0.00039366379537126087,0.6906809046726755,2.458900788712046,7.213718
76,3,0.029354516929713245,-0.0004283987742563951,1.1679036966716976,4.324446524180733,10.718056
76,4,0.029737128310279966,-0.00038261138056672195,1.6356821691702108,6.131408577256642,14.210412
76,5,0.030038059552662862,-0.0003009312423828958,2.0260101417688365,7.633152036159965,17.629814
76,6,0.030237399563019518,-0.00019934001035665574,2.354170927276951,8.890577022924424,21.007225
76,7,0.03034438735477293,-0.00010698779175341219,2.6081578667559957,9.868701578728812,24.328138
76,8,0.03039988466249107,-5.549730771814074e-05,2.770088558040204,10.489296386529984,27.628475
76,9,0.03041312609556769,-1.3241433076620346e-05,2.8835236830579483,10.932110636563488,30.907122
76,10,0.030423520378659044,-1.0394283091352818e-05,2.9342103078767905,11.133447921712934,34.095189
76,11,0.03041126993946825,1.2250439190793216e-05,2.979068820533021,11.306967379554747,37.263027
76,12,0.030416051338999862,7.46903965918172e-06,2.968694302217919,11.266804705002697,40.419449
76,13,0.03041888658969253,4.633788966514063e-06,2.960545352590891,11.235273383281946,43.615717
76,14,0.03042058989453993,2.9304841191145348e-06,2.9542268453255263,11.210832969646331,46.793129
76,15,0.03042163250886636,1.887869792684821e-06,2.949365557285288,11.19203447059299,49.949419
76,-1,None,None,2.9342103078767905,11.133447921712934,49.975504
100,0,0.03751916277909321,0.03751916277909321,0.13735308412774302,0.18170571306127428,0.02936
100,1,0.03756144301739588,-4.228023830267491e-05,0.1721129518188144,0.32222927276224994,4.360841
100,2,0.0376150856908654,-5.3642673469515845e-05,0.22393004532264638,0.5283359492964589,8.817953
100,3,0.037679268981143876,-6.418329027847725e-05,0.2926417453286023,0.7987734263619948,13.38598
100,4,0.03775293309427535,-7.366411313147053e-05,0.37673801847620114,1.127487650567537,17.751219
100,5,0.03783481292135465,-8.187982707930086e-05,0.4749398061038916,1.509444004367611,22.116885
100,6,0.037923467280644434,-8.865435928978593e-05,0.5854521223005847,1.9377062911329943,26.481349
100,7,0.03801681666366344,-9.334938301900492e-05,0.7074893159640729,2.4091743460560844,30.851627
100,8,0.03811334033987743,-9.652367621398872e-05,0.8389306073471507,2.915724395048013,35.203338
100,9,0.03821157014976704,-9.8229809889612e-05,0.9764479652677924,3.4446300924455198,39.587504
100,10,0.03831007888558507,-9.850873581802866e-05,1.117421270032545,3.9860272799943943,43.993394
100,11,0.038407371160831566,-9.729227524649803e-05,1.2611863158195902,4.537164053967131,48.352591
100,12,0.03850295200330064,-9.558084246907156e-05,1.403737082936377,5.082835706570313,52.712576
100,13,0.03859586529481252,-9.29132915118841e-05,1.5449464907191872,5.623522168130834,57.055079
100,14,0.03868636554954983,-9.050025473730794e-05,1.681543627024577,6.146520969044031,61.369841
100,15,0.03877285072874923,-8.648517919940257e-05,1.8160981417035802,6.661192751985717,65.719032
100,-1,None,None,1.8160981417035802,6.661192751985717,65.760075
-----------------
Unpoisoned:
Validation MSE:0.006245617308579971
Test MSE:0.007070472405992605
-----------------
Poisoned:
Validation MSE:1.8160981417035802
Test MSE:6.661192751985717
-----------------
Defensed:
Validation MSE:0.006245617308579971
Test MSE:0.007070472405992605
-----------------
