poisct,itnum,obj_diff,obj_val,val_mse,test_mse,time
17,0,0.004565097845946245,0.004565097845946245,0.016063351926081118,0.016736169361913036,0.023872
17,1,0.004565097845946245,0.0,0.016063351926081118,0.016736169361913036,0.882588
17,2,0.004565097845946245,0.0,0.016063351926081118,0.016736169361913036,1.711425
17,3,0.004565097845946245,0.0,0.016063351926081118,0.016736169361913036,2.545322
17,4,0.004565097845946245,0.0,0.016063351926081118,0.016736169361913036,3.284536
17,5,0.004565097845946245,0.0,0.016063351926081118,0.016736169361913036,4.008316
17,6,0.004565097845946245,0.0,0.016063351926081118,0.016736169361913036,4.762409
17,7,0.004565097845946245,0.0,0.016063351926081118,0.016736169361913036,5.667901
17,8,0.004565097845946245,0.0,0.016063351926081118,0.016736169361913036,6.451419
17,9,0.004565097845946245,0.0,0.016063351926081118,0.016736169361913036,7.229488
17,10,0.004565097845946245,0.0,0.016063351926081118,0.016736169361913036,8.003841
17,11,0.004565097845946245,0.0,0.016063351926081118,0.016736169361913036,8.834155
17,12,0.004565097845946245,0.0,0.016063351926081118,0.016736169361913036,9.707067
17,13,0.004565097845946245,0.0,0.016063351926081118,0.016736169361913036,10.433856
17,14,0.004565097845946245,0.0,0.016063351926081118,0.016736169361913036,11.155537
17,15,0.004565097845946245,0.0,0.016063351926081118,0.016736169361913036,11.884044
17,-1,None,None,0.016063351926081118,0.016736169361913036,11.895442
35,0,0.008265498483994951,0.008265498483994951,0.03307152164307328,0.033617967766346096,0.020077
35,1,0.008266331482169605,-8.329981746532655e-07,0.03291150710282615,0.033459118273044014,1.644016
35,2,0.008266331482169605,0.0,0.03291150710282615,0.033459118273044014,3.151266
35,3,0.008266331482169605,0.0,0.03291150710282615,0.033459118273044014,4.779667
35,4,0.008266331482169605,0.0,0.03291150710282615,0.033459118273044014,6.306077
35,5,0.008266331482169605,0.0,0.03291150710282615,0.033459118273044014,7.956249
35,6,0.008266331482169605,0.0,0.03291150710282615,0.033459118273044014,9.409985
35,7,0.008266331482169605,0.0,0.03291150710282615,0.033459118273044014,10.970239
35,8,0.008266331482169605,0.0,0.03291150710282615,0.033459118273044014,12.4521
35,9,0.008266331482169605,0.0,0.03291150710282615,0.033459118273044014,13.901286
35,10,0.008266331482169605,0.0,0.03291150710282615,0.033459118273044014,15.470748
35,11,0.008266331482169605,0.0,0.03291150710282615,0.033459118273044014,16.908545
35,12,0.008266331482169605,0.0,0.03291150710282615,0.033459118273044014,18.492933
35,13,0.008266331482169605,0.0,0.03291150710282615,0.033459118273044014,19.949734
35,14,0.008266331482169605,0.0,0.03291150710282615,0.033459118273044014,21.517366
35,15,0.008266331482169605,0.0,0.03291150710282615,0.033459118273044014,22.980301
35,-1,None,None,0.03291150710282615,0.033459118273044014,22.993426
55,0,0.012888258099799392,0.012888258099799392,0.050741658265468344,0.06087281046035833,0.019856
55,1,0.012888258099799392,0.0,0.050741658265468344,0.06087281046035833,2.437243
55,2,0.012888258099799392,0.0,0.050741658265468344,0.06087281046035833,4.726989
55,3,0.012888258099799392,0.0,0.050741658265468344,0.06087281046035833,7.094301
55,4,0.012888258099799392,0.0,0.050741658265468344,0.06087281046035833,9.506328
55,5,0.012888258099799392,0.0,0.050741658265468344,0.06087281046035833,11.844843
55,6,0.012888258099799392,0.0,0.050741658265468344,0.06087281046035833,14.178166
55,7,0.012888258099799392,0.0,0.050741658265468344,0.06087281046035833,16.5811
55,8,0.012888258099799392,0.0,0.050741658265468344,0.06087281046035833,18.93718
55,9,0.012888258099799392,0.0,0.050741658265468344,0.06087281046035833,21.221413
55,10,0.012888258099799392,0.0,0.050741658265468344,0.06087281046035833,23.632911
55,11,0.012888258099799392,0.0,0.050741658265468344,0.06087281046035833,25.997905
55,12,0.012888258099799392,0.0,0.050741658265468344,0.06087281046035833,28.262077
55,13,0.012888258099799392,0.0,0.050741658265468344,0.06087281046035833,30.666712
55,14,0.012888258099799392,0.0,0.050741658265468344,0.06087281046035833,33.036257
55,15,0.012888258099799392,0.0,0.050741658265468344,0.06087281046035833,35.3105
55,-1,None,None,0.050741658265468344,0.06087281046035833,35.326668
76,0,0.018112197454046814,0.018112197454046814,0.0688155163683487,0.0845111957130494,0.030974
76,1,0.018114560003221345,-2.362549174531048e-06,0.06881590338667197,0.08422833858306367,3.294115
76,2,0.018114560003221345,0.0,0.06881590338667197,0.08422833858306367,6.56448
76,3,0.018114560003221345,0.0,0.06881590338667197,0.08422833858306367,9.831029
76,4,0.018114560003221345,0.0,0.06881590338667197,0.08422833858306367,13.083223
76,5,0.018114560003221345,0.0,0.06881590338667197,0.08422833858306367,16.344856
76,6,0.018114560003221345,0.0,0.06881590338667197,0.08422833858306367,19.589579
76,7,0.018114560003221345,0.0,0.06881590338667197,0.08422833858306367,22.870656
76,8,0.018114560003221345,0.0,0.06881590338667197,0.08422833858306367,26.118053
76,9,0.018114560003221345,0.0,0.06881590338667197,0.08422833858306367,29.434047
76,10,0.018114560003221345,0.0,0.06881590338667197,0.08422833858306367,32.700266
76,11,0.018114560003221345,0.0,0.06881590338667197,0.08422833858306367,35.964953
76,12,0.018114560003221345,0.0,0.06881590338667197,0.08422833858306367,39.214837
76,13,0.018114560003221345,0.0,0.06881590338667197,0.08422833858306367,42.483917
76,14,0.018114560003221345,0.0,0.06881590338667197,0.08422833858306367,45.724198
76,15,0.018114560003221345,0.0,0.06881590338667197,0.08422833858306367,48.991096
76,-1,None,None,0.06881590338667197,0.08422833858306367,49.031579
100,0,0.024062211793048568,0.024062211793048568,0.08820589341070688,0.10984317474452808,0.06834
100,1,0.024066267057457087,-4.055264408518722e-06,0.08762859549517991,0.1074488319381,4.355998
100,2,0.024066267057457087,0.0,0.08762859549517991,0.1074488319381,8.576395
100,3,0.024066267057457087,0.0,0.08762859549517991,0.1074488319381,12.800753
100,4,0.024066267057457087,0.0,0.08762859549517991,0.1074488319381,16.992057
100,5,0.024066267057457087,0.0,0.08762859549517991,0.1074488319381,21.300931
100,6,0.024066267057457087,0.0,0.08762859549517991,0.1074488319381,25.60677
100,7,0.024066267057457087,0.0,0.08762859549517991,0.1074488319381,29.819201
100,8,0.024066267057457087,0.0,0.08762859549517991,0.1074488319381,34.0132
100,9,0.024066267057457087,0.0,0.08762859549517991,0.1074488319381,38.185053
100,10,0.024066267057457087,0.0,0.08762859549517991,0.1074488319381,42.43704
100,11,0.024066267057457087,0.0,0.08762859549517991,0.1074488319381,46.723101
100,12,0.024066267057457087,0.0,0.08762859549517991,0.1074488319381,50.989669
100,13,0.024066267057457087,0.0,0.08762859549517991,0.1074488319381,55.170281
100,14,0.024066267057457087,0.0,0.08762859549517991,0.1074488319381,59.369383
100,15,0.024066267057457087,0.0,0.08762859549517991,0.1074488319381,63.63581
100,-1,None,None,0.08762859549517991,0.1074488319381,63.673599
-----------------
Unpoisoned:
Validation MSE:0.0043313419044330006
Test MSE:0.004004090201631079
-----------------
Poisoned:
Validation MSE:0.08762859549517991
Test MSE:0.1074488319381
-----------------
