poisct,itnum,obj_diff,obj_val,val_mse,test_mse,time
17,0,0.0046274651968709404,0.0046274651968709404,0.007193598838061123,0.006456225316606607,0.01853
17,1,0.0046538170619035745,-2.6351865032634043e-05,0.0072879581943269,0.006604787295673691,0.800137
17,2,0.004686955970791211,-3.3138908887636424e-05,0.007357138780780822,0.006743162468783325,1.705565
17,3,0.004714722423776959,-2.776645298574812e-05,0.007403084977889742,0.006865520974181159,2.517184
17,4,0.004748709412692833,-3.3986988915874275e-05,0.007487377016024912,0.006994765656019296,3.235586
17,5,0.004816728848970974,-6.801943627814111e-05,0.007595526319708266,0.0070904241838438955,3.947006
17,6,0.00522436731499106,-0.00040763846602008547,0.007309514301408141,0.006781397295505882,4.775057
17,7,0.005631626936798187,-0.0004072596218071267,0.006533786961233816,0.006415848303994398,5.797428
17,8,0.00575066125578514,-0.00011903431898695367,0.0063055620400159764,0.006476733991815129,6.63824
17,9,0.005834210345713003,-8.35490899278625e-05,0.006547345510197437,0.006547180760836737,7.435596
17,10,0.005938849813984475,-0.00010463946827147207,0.006551831154754404,0.006608785461186242,8.321218
17,11,0.0060189984189710005,-8.014860498652566e-05,0.006812786449429838,0.006685971714243341,9.218785
17,12,0.0061280989941475735,-0.00010910057517657303,0.006817337042902989,0.006753621713118454,10.023234
17,13,0.0062063411058767524,-7.824211172917893e-05,0.007087571052108177,0.006816346754114445,10.830848
17,14,0.006321497367226793,-0.0001151562613500405,0.007085182081518419,0.006892685965052853,11.674274
17,15,0.006401542172673663,-8.004480544687026e-05,0.007415993964904019,0.006979250980902462,12.592061
17,-1,None,None,0.007415993964904019,0.006979250980902462,12.654541
35,0,0.007760306909395052,0.007760306909395052,0.009909679627125297,0.008366380704536568,0.050882
35,1,0.007829813863558488,-6.950695416343619e-05,0.010076085692345178,0.008497662658574481,1.516089
35,2,0.007884162501300848,-5.434863774235986e-05,0.01013134754801974,0.008648054275663218,3.047195
35,3,0.008006849775171338,-0.00012268727387049032,0.01029757173738046,0.008749919161646804,4.51805
35,4,0.008876296311035765,-0.0008694465358644269,0.010195378980674727,0.009192691141670902,6.006442
35,5,0.009054327210796104,-0.0001780308997603383,0.009791616781799128,0.009794013516922943,7.663962
35,6,0.009237452129162608,-0.00018312491836650416,0.010282029705398644,0.009611556873109215,9.21594
35,7,0.009231358870393164,6.093258769443791e-06,0.00992896398172162,0.010180155320577797,10.92747
35,8,0.009300925915656382,-6.347378649377428e-05,0.010052136965987475,0.010143346585404498,12.446186
35,9,0.009388996980855024,-8.807106519864195e-05,0.01057200297577379,0.009682898660518403,14.219094
35,10,0.009479864733830987,-9.086775297596252e-05,0.010274118948134897,0.01042124720033246,16.064073
35,11,0.009551264409560768,-7.139967572978093e-05,0.010941422052742032,0.009845315647794364,17.791761
35,12,0.009664431319657186,-0.00011316691009641798,0.010596217367309367,0.010789100118486099,19.308165
35,13,0.009740585954677996,-7.61546350208104e-05,0.011133900651244073,0.009939738281553678,21.090152
35,14,0.009863627340583677,-0.0001230413859056815,0.010971496448138768,0.011009204503998721,22.639043
35,15,0.009959122534850574,-9.549519426689697e-05,0.011388537823264346,0.010135968311467831,24.426092
35,-1,None,None,0.011388537823264346,0.010135968311467831,24.527046
55,0,0.011729386282218184,0.011729386282218184,0.014158556321699194,0.01137149982123842,0.029612
55,1,0.011810748956767652,-8.136267454946812e-05,0.014220666654565799,0.011539304283799828,2.211942
55,2,0.011882146950219698,-7.139799345204541e-05,0.014258006705329672,0.011747445849501595,4.554068
55,3,0.012340122987021172,-0.0004579760368014739,0.014172201310625479,0.011989955630845685,6.916892
55,4,0.013349676548282442,-0.00100955356126127,0.015346448336770157,0.015323627922964267,9.225934
55,5,0.013560158005198997,-0.00021048145691655515,0.015988628700957686,0.016639617299374913,11.765977
55,6,0.013655850496413316,-9.569249121431887e-05,0.01574164273494754,0.015535770698336906,14.292154
55,7,0.013733912430968286,-7.806193455497067e-05,0.01616520457695244,0.01692839533294008,16.621323
55,8,0.013786526486702038,-5.261405573375212e-05,0.01589678669805079,0.014966606258059869,19.046679
55,9,0.013928609806476411,-0.0001420833197743731,0.016509671875958858,0.017110645345257802,21.536394
55,10,0.013917871368609436,1.0738437866975037e-05,0.01614866952634785,0.01470090915782474,23.887612
55,11,0.014039058842199572,-0.00011044903572316085,0.016289783222112407,0.01547445427953116,26.271569
55,12,0.014139654953786404,-0.00010059611158683146,0.016770560135715918,0.017013849854820486,28.741707
55,13,0.014179563241375539,-3.9908287589134755e-05,0.01644144960584781,0.01531751489571692,31.130105
55,14,0.014313143974734203,-0.00013358073335866492,0.01691754626392596,0.016947190494449565,33.594593
55,15,0.014369884671523073,-5.674069678886923e-05,0.01654528163374196,0.01537869902868069,36.110655
55,-1,None,None,0.01654528163374196,0.01537869902868069,36.212357
76,0,0.01581240648785349,0.01581240648785349,0.021404717693653513,0.017327060225897237,0.022659
76,1,0.015887802576116633,-7.539608826314173e-05,0.021587501218600248,0.017447912016751683,3.231564
76,2,0.015957405569608802,-6.960299349216895e-05,0.02181182226633171,0.017783260370048376,6.415795
76,3,0.016201252416765972,-0.00024384684715716975,0.021708327766759173,0.018014701352366182,9.606397
76,4,0.01713465326666499,-0.0009334008498990166,0.021853383354648717,0.020727785339145627,12.880113
76,5,0.017392560077220256,-0.00025790681055526746,0.022940274957893428,0.0230295355529306,16.220455
76,6,0.017570382976709584,-0.00017782289948932786,0.022446689091867228,0.02167949242598755,19.671081
76,7,0.017601888734627286,-3.150575791770194e-05,0.02317196766885006,0.023505911077398963,22.971526
76,8,0.0177156616807054,-0.00011377294607811325,0.022422412864355756,0.021289546303240776,26.272315
76,9,0.01778460402346682,-6.894234276142233e-05,0.023281153896285534,0.023512266949686535,29.562978
76,10,0.017902473997686134,-0.00011786997421931247,0.022597926997389585,0.02121734059806889,32.840676
76,11,0.01800456154028295,-0.0001020875425968154,0.023292470246522288,0.023435431106632612,36.116222
76,12,0.01805173813302932,-4.717659274637229e-05,0.022886786603537337,0.02080235463730121,39.539381
76,13,0.018207647804702225,-0.000155909671672904,0.023761171212720433,0.023482693091479413,42.991792
76,14,0.018273237024800493,-6.558922009826731e-05,0.023231490355730453,0.020634372149431614,46.420111
76,15,0.018416169624485005,-0.00014293259968451225,0.024022792086250928,0.023360182719399932,49.747266
76,-1,None,None,0.024022792086250928,0.023360182719399932,49.853535
100,0,0.02166034219207679,0.02166034219207679,0.02942549640891239,0.0234224162509145,0.043298
100,1,0.02176769988355807,-0.00010735769148127738,0.029488369026784228,0.023378334428778923,4.206408
100,2,0.021878781479653046,-0.00011108159609497792,0.029629182191297284,0.023528677360244218,8.43336
100,3,0.022406092738105756,-0.0005273112584527097,0.029323693680780773,0.024904203946319283,12.674451
100,4,0.02288967749846173,-0.0004835847603559748,0.029503395072250443,0.029086751291521454,17.120835
100,5,0.02329962801350636,-0.0004099505150446277,0.029841848610479657,0.02847257181155546,21.77456
100,6,0.023076715904478684,0.0002229121090276745,0.029982838137759905,0.030817785372063637,26.249356
100,7,0.023220505338916154,7.912267459020406e-05,0.02995827206063276,0.030405529196623475,30.54872
100,8,0.023293104941446898,6.5230720594604275e-06,0.029896402387192777,0.029951419173707902,34.860017
100,9,0.02333625353161277,-3.6625518106410404e-05,0.029889597558190456,0.029603417087904895,39.082892
100,10,0.023449723232910214,-0.00011346970129744519,0.02997405209666847,0.029511016597218186,43.817557
100,11,0.02350127426866315,-5.155103575293571e-05,0.030095940665522,0.029817587360939656,48.39318
100,12,0.023605673872636734,-0.0001043996039735845,0.030240728080671766,0.029635633693982366,53.013232
100,13,0.023642990493770957,-3.731662113422296e-05,0.030351311820937005,0.030113951125960128,57.809082
100,14,0.023756499953820946,-0.00011350946004998891,0.030469389584768716,0.02977297536701498,62.353415
100,15,0.023794396097746504,-3.789614392555804e-05,0.03061548506253004,0.030321217027455015,66.929027
100,-1,None,None,0.03061548506253004,0.030321217027455015,67.072325
-----------------
Unpoisoned:
Validation MSE:0.00172437253446473
Test MSE:0.0019195157909519297
-----------------
Poisoned:
Validation MSE:0.03061548506253004
Test MSE:0.030321217027455015
-----------------
