poisct,itnum,obj_diff,obj_val,val_mse,test_mse,time
17,0,0.0072436592172667805,0.0072436592172667805,0.0072436592172667735,0.0064202788154131855,0.054697
17,1,0.00731256357316008,-6.890435589329991e-05,0.0073125635731600795,0.006440265878035946,0.827066
17,2,0.007377531913941872,-6.496834078179199e-05,0.0073775319139418715,0.00645778470718978,1.584852
17,3,0.007434984041524305,-5.745212758243284e-05,0.007434984041524312,0.006478123217514373,2.394379
17,4,0.0074922478443122656,-5.7263802787960345e-05,0.007492247844312266,0.006502716373049316,3.152525
17,5,0.007548035173958224,-5.578732964595882e-05,0.00754803517395822,0.006524744024742547,3.932459
17,6,0.007607529830753695,-5.9494656795470655e-05,0.007607529830753701,0.006547619425096398,4.877992
17,7,0.007666287408273211,-5.8757577519516144e-05,0.007666287408273204,0.006570995601018726,5.659098
17,8,0.0077240395284907835,-5.775212021757233e-05,0.007724039528490779,0.006594914555238286,6.445718
17,9,0.007780542326219443,-5.650279772865911e-05,0.007780542326219444,0.00661889709308762,7.215728
17,10,0.007835682695943287,-5.514036972384482e-05,0.007835682695943279,0.006642934177237463,7.979833
17,11,0.007888487868118044,-5.280517217475661e-05,0.007888487868118048,0.006666629446540827,8.749941
17,12,0.00793973471388755,-5.12468457695061e-05,0.007939734713887547,0.006687719788649959,9.523971
17,13,0.007989830621995965,-5.0095908108414855e-05,0.007989830621995963,0.0067082410154576545,10.290592
17,14,0.008037555673363313,-4.772505136734807e-05,0.008037555673363315,0.006729021608568115,11.057361
17,15,0.008082919638279106,-4.5363964915792754e-05,0.0080829196382791,0.006750210606887536,11.879604
17,-1,None,None,0.0080829196382791,0.006750210606887536,11.903891
35,0,0.009958384824308436,0.009958384824308436,0.009958384824308433,0.008307684094338089,0.05239
35,1,0.010066578805070624,-0.00010819398076218796,0.010066578805070624,0.008307253228966938,1.404624
35,2,0.010165011083278799,-9.843227820817424e-05,0.010165011083278795,0.008318245042615868,2.803579
35,3,0.010254430956089617,-8.941987281081872e-05,0.01025443095608961,0.008337811639860786,4.231552
35,4,0.010338960673346336,-8.452971725671915e-05,0.01033896067334633,0.008356001402739283,5.694761
35,5,0.010420753005019445,-8.179233167310805e-05,0.010420753005019443,0.00837827930384601,7.171222
35,6,0.010502185667791892,-8.143266277244737e-05,0.010502185667791885,0.008402824376612572,8.66785
35,7,0.010583646033578104,-8.14603657862123e-05,0.010583646033578111,0.00843000851945434,10.164169
35,8,0.01066388016232551,-8.02341287474053e-05,0.010663880162325503,0.008461857323910258,11.693005
35,9,0.010747850174456659,-8.397001213114944e-05,0.010747850174456657,0.008497222765903875,13.210301
35,10,0.010829493759782448,-8.164358532578887e-05,0.010829493759782443,0.008533471376806587,14.725001
35,11,0.010915088222020402,-8.559446223795411e-05,0.010915088222020402,0.008573401129104052,16.252268
35,12,0.01100466517529704,-8.957695327663738e-05,0.011004665175297055,0.008615210578657446,17.776945
35,13,0.011099719783925887,-9.505460862884764e-05,0.011099719783925894,0.00866394540723707,19.239719
35,14,0.011196186971020837,-9.646718709495003e-05,0.011196186971020839,0.008723940210117352,20.672253
35,15,0.011281711822507893,-8.552485148705623e-05,0.011281711822507897,0.008787087668922658,22.078368
35,-1,None,None,0.011281711822507897,0.008787087668922658,22.107434
55,0,0.014209205420445865,0.014209205420445865,0.014209205420445858,0.011345650744924407,0.055624
55,1,0.014316224612177351,-0.00010701919173148645,0.014316224612177362,0.011312197593185809,2.233189
55,2,0.014419471956300216,-0.00010324734412286464,0.014419471956300207,0.011297442981390522,4.505103
55,3,0.014535093174035832,-0.00011562121773561577,0.014535093174035838,0.011302811781885455,6.880908
55,4,0.0146504347808714,-0.00011534160683556761,0.014650434780871415,0.011318179545323574,9.246455
55,5,0.014768162409633441,-0.0001177276287620422,0.014768162409633447,0.01134004131270163,11.634914
55,6,0.014883062591221113,-0.00011490018158767136,0.014883062591221106,0.011372022081028972,14.019854
55,7,0.014998910369785906,-0.00011584777856479302,0.014998910369785902,0.011407281304170222,16.392065
55,8,0.015119264835044957,-0.00012035446525905137,0.015119264835044945,0.011446761791445652,18.724618
55,9,0.015206047886627801,-8.67830515828439e-05,0.015206047886627817,0.011499222149658216,20.973549
55,10,0.01529262360559818,-8.657571897037822e-05,0.015292623605598181,0.01155541034500789,23.222987
55,11,0.01538927554751442,-9.665194191624087e-05,0.01538927554751442,0.011621391076225118,25.494112
55,12,0.01548642516781016,-9.714962029573962e-05,0.015486425167810151,0.011694897423605393,27.746825
55,13,0.015577817242915914,-9.139207510575412e-05,0.01557781724291592,0.01176208271486689,29.992407
55,14,0.015671882067946105,-9.406482503019134e-05,0.015671882067946105,0.01183488767489294,32.241454
55,15,0.015783896236148735,-0.00011201416820262947,0.015783896236148728,0.011923485122257533,34.501337
55,-1,None,None,0.015783896236148728,0.011923485122257533,34.531697
76,0,0.021354171301001118,0.021354171301001118,0.021354171301001115,0.017022080144660057,0.076183
76,1,0.02149072863348499,-0.00013655733248387272,0.021490728633485005,0.01687587978616354,2.936157
76,2,0.021623673982305833,-0.00013294534882084263,0.021623673982305816,0.016751509658010793,6.117679
76,3,0.021768154781182044,-0.00014448079887621063,0.02176815478118205,0.016664074362936068,9.315844
76,4,0.021921391415018966,-0.0001532366338369215,0.021921391415018955,0.01661412476966111,12.672667
76,5,0.02206928018079563,-0.0001478887657766631,0.02206928018079562,0.016595434794849435,16.163
76,6,0.02222952574562154,-0.00016024556482591157,0.022229525745621533,0.01659294362488686,19.549709
76,7,0.022413774346273996,-0.0001842486006524563,0.02241377434627401,0.01660942838051314,22.96415
76,8,0.02256254293006124,-0.00014876858378724475,0.02256254293006123,0.016622603059295925,26.130823
76,9,0.02269574223721152,-0.00013319930715027795,0.022695742237211502,0.01663607330092348,29.273984
76,10,0.022819580118355404,-0.0001238378811438852,0.022819580118355408,0.016666117869990605,32.3989
76,11,0.022937612783741762,-0.00011803266538635768,0.022937612783741783,0.01671045284822075,35.514857
76,12,0.023054734356649256,-0.00011712157290749356,0.023054734356649252,0.01676110144069842,38.620804
76,13,0.023157588512145052,-0.00010285415549579624,0.023157588512145052,0.01680926479731953,41.729412
76,14,0.023248044943114266,-9.045643096921435e-05,0.023248044943114273,0.016854314372718813,44.836874
76,15,0.02334315670343296,-9.511176031869531e-05,0.023343156703432965,0.016905506494977737,47.948483
76,-1,None,None,0.023343156703432965,0.016905506494977737,47.992322
100,0,0.029030406550623267,0.029030406550623267,0.029030406550623267,0.02288407406286774,0.062369
100,1,0.029347269355731745,-0.0003168628051084775,0.029347269355731783,0.022711733426665392,3.702884
100,2,0.029551314341491594,-0.0002040449857598492,0.02955131434149159,0.02272086854409513,7.725831
100,3,0.02973449058223768,-0.00018317624074608643,0.02973449058223766,0.022740458522904353,11.748706
100,4,0.029909952875716458,-0.00017546229347877723,0.02990995287571645,0.022785096092685565,15.725977
100,5,0.030116116488048333,-0.00020616361233187497,0.03011611648804831,0.022848453068736528,19.640634
100,6,0.03028444241266862,-0.000168325924620287,0.030284442412668606,0.022921186661760393,23.507396
100,7,0.030401853607795702,-0.00011741119512708245,0.030401853607795726,0.023000639840270252,27.360824
100,8,0.03044146653131234,-3.961292351663953e-05,0.03044146653131233,0.02306412844341957,31.205551
100,9,0.03047269997793857,-3.123344662622762e-05,0.03047269997793854,0.02312864959679406,35.014033
100,10,0.030506295605842667,-3.359562790409762e-05,0.030506295605842657,0.023191621895241935,38.796088
100,11,0.030539551816941714,-3.3256211099046834e-05,0.03053955181694175,0.023256311213047796,42.576926
100,12,0.030576239570503167,-3.6687753561453346e-05,0.030576239570503178,0.02332554880383488,46.326311
100,13,0.030618277685014076,-4.2038114510908886e-05,0.030618277685014083,0.023393984620957348,50.018225
100,14,0.030661141365591803,-4.286368057772674e-05,0.030661141365591785,0.02346345626974449,53.731494
100,15,0.030731118150751864,-6.997678516006134e-05,0.030731118150751868,0.02354514277434049,57.415308
100,-1,None,None,0.030731118150751868,0.02354514277434049,57.459195
-----------------
Unpoisoned:
Validation MSE:0.00171666323317184
Test MSE:0.0018676743010748156
-----------------
Poisoned:
Validation MSE:0.030731118150751868
Test MSE:0.02354514277434049
-----------------
