poisct,itnum,obj_diff,obj_val,val_mse,test_mse,time
17,0,0.0682646654002466,0.0682646654002466,0.01126238396915212,0.013972171863753461,0.053789
17,1,0.07188047037755642,-0.0036158049773098166,0.01159268054316808,0.014423572357151464,1.078479
17,2,0.0767054390456955,-0.004824968668139085,0.01202586261263414,0.014991143086141134,2.143278
17,3,0.08297270214971396,-0.006267263104018456,0.012567937245438976,0.01568116436995486,3.0878
17,4,0.09078773918940485,-0.007815037039690886,0.013208797893404359,0.01648136005406542,4.019001
17,5,0.10003144330487784,-0.009243704115472998,0.01391684549128712,0.01735475613656207,4.967757
17,6,0.11031993158284571,-0.01028848827796787,0.014639975467503586,0.018241113926902086,5.93488
17,7,0.1210545931742083,-0.01073466159136259,0.015314756961796998,0.019067913955911762,6.88064
17,8,0.1315389179981105,-0.010484324823902186,0.015881104851038226,0.019767386755156314,7.832855
17,9,0.14110697950355106,-0.009568061505440567,0.01629721127588697,0.020293119718798058,8.768537
17,10,0.14922445848356836,-0.0081174789800173,0.016550402972059106,0.020631089376201617,9.74737
17,11,0.1555603987634065,-0.006335940279838137,0.01666120771109056,0.020802605581655965,10.692553
17,12,0.16004298909760523,-0.004482590334198733,0.016676981332634854,0.02085672523107626,11.640367
17,13,0.1628891019216139,-0.0028461128240086786,0.016651930419677604,0.020850414282299057,12.578941
17,14,0.1645416520210915,-0.0016525500994775955,0.016622351386473617,0.020825081835175133,13.521934
17,15,0.16546736499192774,-0.0009257129708362399,0.016601040339734315,0.020800300890290523,14.436881
17,-1,None,None,0.016601040339734315,0.020800300890290523,14.447683
35,0,0.09838039199972416,0.09838039199972416,0.025476070607287453,0.027373607549783668,0.018388
35,1,0.10323057600496482,-0.0048501840052406625,0.026135175660663413,0.02839932468606442,1.95813
35,2,0.11000080595616173,-0.006770229951196902,0.02700573658174285,0.029683138913231346,3.884688
35,3,0.11935576309546506,-0.00935495713930333,0.028091814027494402,0.031217948745303793,5.886678
35,4,0.13186258378722532,-0.012506820691760262,0.02933726886659983,0.032921313938064224,7.904246
35,5,0.14751136500635215,-0.01564878121912683,0.03060300890524005,0.03461355275660287,9.903016
35,6,0.16519969651962346,-0.017688331513271316,0.03168316146879336,0.036046501968756584,11.808487
35,7,0.18278712042685308,-0.017587423907229616,0.03239007647002004,0.03700678730929297,13.726704
35,8,0.1978042625731648,-0.015017142146311724,0.03266423438783497,0.037434790906334336,15.626914
35,9,0.20850259721838055,-0.010698334645215746,0.03261871800902761,0.03747026598566703,17.533832
35,10,0.2147440097435826,-0.00624141252520205,0.032455562653202506,0.03735872588911025,19.326949
35,11,0.2177758011812439,-0.003031791437661302,0.03233872584472461,0.0372685974533634,21.040819
35,12,0.21902541967555636,-0.00124961849431246,0.03228399665762398,0.03721394649491337,22.693067
35,13,0.21949043537164023,-0.0004650156960838703,0.03226082054553448,0.037184225493710386,24.269868
35,14,0.2196834457060413,-0.00019301033440108362,0.0322513064214909,0.0371660185450918,25.820747
35,15,0.21975811412890783,-7.466842286651953e-05,0.032248108882916585,0.03715605274653294,27.370295
35,-1,None,None,0.032248108882916585,0.03715605274653294,27.384442
55,0,0.1207106631594774,0.1207106631594774,0.03328120278767891,0.03821538335527033,0.023011
55,1,0.12699819166529455,-0.006287528505817153,0.034120746169659696,0.03928116327029746,2.975416
55,2,0.1401641182561365,-0.013165926590841953,0.03501558158964409,0.04048876370119877,5.988625
55,3,0.16640810751009597,-0.02624398925395946,0.035734426073277384,0.04159948430129692,9.011588
55,4,0.20704065674753455,-0.04063254923743859,0.035894565307186314,0.04208963578476539,11.974696
55,5,0.2515213353442159,-0.04448067859668134,0.03524529966689485,0.04150717845926292,14.911824
55,6,0.2861362078165386,-0.0346148724723227,0.03398809037145978,0.04010519440491799,17.831439
55,7,0.3027604609600181,-0.016624253143479484,0.03307374766729172,0.039140242014084364,20.589674
55,8,0.308083242679139,-0.005322781719120928,0.032723346043965804,0.0388214207289124,23.102909
55,9,0.3088939571572505,-0.000810714478111485,0.03268635993413182,0.03878849680083968,25.426148
55,10,0.30893811321932624,-4.4156062075750846e-05,0.032691279586207794,0.0387962262762108,27.725649
55,11,0.30893811321932624,0.0,0.032691279586207794,0.0387962262762108,30.019322
55,12,0.30893811321932624,0.0,0.032691279586207794,0.0387962262762108,32.291587
55,13,0.30893811321932624,0.0,0.032691279586207794,0.0387962262762108,34.59176
55,14,0.30893811321932624,0.0,0.032691279586207794,0.0387962262762108,36.935866
55,15,0.30893811321932624,0.0,0.032691279586207794,0.0387962262762108,39.224861
55,-1,None,None,0.032691279586207794,0.0387962262762108,39.240838
76,0,0.14532851050373882,0.14532851050373882,0.05006058029164322,0.061290424426452175,0.025339
76,1,0.15217569148943336,-0.006847180985694534,0.05091770524555628,0.06294747895047646,4.013768
76,2,0.16915656698694884,-0.01698087549751548,0.051671604481287055,0.06474325032397003,7.959721
76,3,0.20433386028595646,-0.03517729329900762,0.05185783676456032,0.0659493559677022,11.907994
76,4,0.256405522386152,-0.05207166210019554,0.05090489716738174,0.06553698869411545,15.894584
76,5,0.30587878774382754,-0.049473265357675544,0.04873693154312155,0.06308815771289483,20.629611
76,6,0.33576229874097846,-0.02988351099715092,0.04667850809582979,0.0604743264965997,24.741435
76,7,0.3459508691627251,-0.010188570421746646,0.04569729855694427,0.059237465131351016,28.326031
76,8,0.34824224140466514,-0.0022913722419400373,0.04548795666313135,0.05889910681112938,31.641228
76,9,0.34871837240444337,-0.0004761309997782237,0.04547841685827645,0.0587928682355089,34.860185
76,10,0.3487312447302142,-1.2872325770851845e-05,0.04547594784810239,0.05879154249246782,38.053929
76,11,0.3487312447302142,0.0,0.04547594784810239,0.05879154249246782,41.176629
76,12,0.3487312447302142,0.0,0.04547594784810239,0.05879154249246782,44.282934
76,13,0.3487312447302142,0.0,0.04547594784810239,0.05879154249246782,47.40137
76,14,0.3487312447302142,0.0,0.04547594784810239,0.05879154249246782,50.554133
76,15,0.3487312447302142,0.0,0.04547594784810239,0.05879154249246782,53.683443
76,-1,None,None,0.04547594784810239,0.05879154249246782,53.705921
100,0,0.166209629927058,0.166209629927058,0.06168102108349412,0.07405546381511612,0.027739
100,1,0.17387937117605543,-0.007669741248997414,0.06277857424800476,0.0774649917843173,5.197254
100,2,0.1922370324500331,-0.01835766127397767,0.06357417398060909,0.0813896873673085,10.20115
100,3,0.22681790354965803,-0.03458087109962493,0.06376772993061791,0.08468188278671011,15.116512
100,4,0.27537923493982475,-0.04856133139016672,0.0630183660710595,0.08611785838121085,20.055555
100,5,0.3209851696259899,-0.04560593468616514,0.06121735311919815,0.08497809740274855,24.925952
100,6,0.34873644176135676,-0.027751272135366878,0.059413481556144954,0.08278041943167523,29.630803
100,7,0.3596179043974188,-0.010881462636062045,0.058470322389328484,0.0814647549253716,34.204705
100,8,0.3622572103743988,-0.0026393059769799776,0.05816693912168525,0.08107977884318504,38.438627
100,9,0.3625772794934967,-0.0003200691190979321,0.05817302025690184,0.08106116844193112,42.577768
100,10,0.3625895998899643,-1.2320396467591088e-05,0.05817204628103341,0.08105789768368261,46.700554
100,11,0.3625895998899643,0.0,0.05817204628103341,0.08105789768368261,50.78844
100,12,0.3625895998899643,0.0,0.05817204628103341,0.08105789768368261,54.860996
100,13,0.3625895998899643,0.0,0.05817204628103341,0.08105789768368261,59.124863
100,14,0.3625895998899643,0.0,0.05817204628103341,0.08105789768368261,63.330089
100,15,0.3625895998899643,0.0,0.05817204628103341,0.08105789768368261,67.419703
100,-1,None,None,0.05817204628103341,0.08105789768368261,67.460102
-----------------
Unpoisoned:
Validation MSE:0.002421155418650188
Test MSE:0.0025671345459134486
-----------------
Poisoned:
Validation MSE:0.05817204628103341
Test MSE:0.08105789768368261
-----------------
Defensed:
Validation MSE:0.002421155418650188
Test MSE:0.0025671345459134486
-----------------
