poisct,itnum,obj_diff,obj_val,val_mse,test_mse,time
17,0,0.006488208371755431,0.006488208371755431,0.010483885998528135,0.009481009681024131,0.026916
17,1,0.0064823644684787966,5.843903276634213e-06,0.010476719777885288,0.009476933251333964,0.884528
17,2,0.0064836096658870265,4.598705868404281e-06,0.010479989947290524,0.009478311055963123,1.618732
17,3,0.006484645639404596,3.5627323508348463e-06,0.010480559868121695,0.009478674685433224,2.363702
17,4,0.00648543879047675,2.769581278681127e-06,0.010481171398357742,0.009479022509866255,3.057127
17,5,0.006486098088222853,2.110283532578104e-06,0.010481742142812707,0.009479419717600726,4.090403
17,6,0.006486610143424571,1.5982283308596523e-06,0.01048222155284982,0.009479766738275927,4.870112
17,7,0.006486791610909772,1.416760845658789e-06,0.010482506749415817,0.009479675716711383,5.565486
17,8,0.006487142114207504,1.0662575479266495e-06,0.01048283133058701,0.009479994948659922,6.240303
17,9,0.006487199723425547,1.0086483298839613e-06,0.010482936618467054,0.009480025837153969,7.103536
17,10,0.00648745531835944,7.530533959907923e-07,0.010483166819822547,0.009480274374864846,7.95854
17,11,0.0064875830785698675,6.252931855632582e-07,0.010483235851143408,0.009480470510894205,8.688885
17,12,0.006487740013251454,4.6835850397650147e-07,0.010483394173676197,0.00948060521868324,9.425759
17,13,0.006487800185292105,4.0818646332603514e-07,0.010483463260292725,0.009480544995033082,10.184754
17,14,0.006487853839448882,3.5453230654881873e-07,0.01048349856972818,0.00948065358018129,11.032164
17,15,0.006487903677043655,3.0469471177553553e-07,0.0104835729503895,0.009480638169004282,11.71908
17,-1,None,None,0.010483885998528135,0.009481009681024131,11.731773
35,0,0.012244999138334246,0.012244999138334246,0.015343443685190916,0.013323125859034753,0.073546
35,1,0.012244991427757786,7.710576460304153e-09,0.01534507893335819,0.013320851144331602,1.426232
35,2,0.012244992322146776,6.816187470351509e-09,0.015344661125596072,0.01332141705321217,3.123114
35,3,0.01224499315372435,5.984609896189652e-09,0.015344383256310377,0.013321791279792503,4.556556
35,4,0.012244995122462089,4.015872157384082e-09,0.015344149648195466,0.013322126789527978,6.06702
35,5,0.012244996002199247,3.1361349992625742e-09,0.015343972032842752,0.013322375550673107,7.500809
35,6,0.012244996716436744,2.421897501991843e-09,0.015343839285796983,0.013322562561755657,8.90701
35,7,0.012244997282546707,1.8557875392649636e-09,0.01534374066585701,0.013322703068777704,10.403977
35,8,0.012244997724354287,1.413979959161149e-09,0.015343666214239765,0.013322808591120212,11.761589
35,9,0.012244998065399706,1.0729345398252654e-09,0.015343610502213799,0.013322887807988838,13.281867
35,10,0.012244998326629333,8.117049133532506e-10,0.015343568749020904,0.013322947264608311,14.645643
35,11,0.01224499852561388,6.127203657640967e-10,0.015343537451923472,0.013322991881780552,16.062471
35,12,0.012244998676575589,4.6175865735242905e-10,0.015343513988706646,0.013323025358579078,17.542712
35,13,0.012244998790766175,3.4756807154590064e-10,0.015343496396697479,0.013323050474007534,18.921792
35,14,0.012244998876955236,2.6137901044942513e-10,0.015343483216962576,0.013323069314503033,20.455937
35,15,0.01224499894190464,1.9642960695509526e-10,0.015343473345302134,0.013323083446863544,21.822531
35,-1,None,None,0.015343443685190916,0.013323125859034753,21.865562
55,0,0.018596164001432897,0.018596164001432897,0.022561175330340643,0.018857734763983294,0.048561
55,1,0.01859615548352665,8.517906248395324e-09,0.022561150903830162,0.018857689658714216,2.257957
55,2,0.018596157612519218,6.388913679350461e-09,0.022561157007033497,0.01885770093074019,4.405115
55,3,0.018596159209475365,4.791957532168656e-09,0.02256116158593409,0.018857709386637073,6.561072
55,4,0.018596160407311615,3.5941212818413337e-09,0.022561165020952293,0.018857715729615827,8.722628
55,5,0.018596161305755792,2.695677105146732e-09,0.0225611675976899,0.018857720487443937,10.745286
55,6,0.01859616197962661,2.0218062883603505e-09,0.022561169530509736,0.018857724056149147,12.943798
55,7,0.018596162485050926,1.5163819713781557e-09,0.02256117098027469,0.018857726732866075,15.039828
55,8,0.018596162864131086,1.137301811754421e-09,0.022561172067682662,0.018857728740509415,17.174804
55,9,0.018596163148447923,8.529849743199591e-10,0.022561172883286153,0.01885773024630143,19.368428
55,10,0.01859616336168933,6.397435671490204e-10,0.022561173495015487,0.01885773137567888,21.374892
55,11,0.018596163521622477,4.79810420561666e-10,0.022561173953827424,0.018857732222730777,23.575956
55,12,0.018596163641573554,3.5985934371263184e-10,0.022561174297944887,0.0188577328580303,25.796976
55,13,0.01859616373153752,2.6989537688093534e-10,0.022561174556037726,0.018857733334510896,27.875337
55,14,0.018596163799010895,2.024220027707635e-10,0.022561174749610023,0.018857733691874715,30.078458
55,15,0.01859616384961611,1.5181678830744616e-10,0.022561174894790734,0.01885773395989941,32.089343
55,-1,None,None,0.022561175330340643,0.018857734763983294,32.113996
76,0,0.025957332318606054,0.025957332318606054,0.03467987407814333,0.028841386737376178,0.034914
76,1,0.025957332244100455,7.450559960653358e-11,0.03467987424365068,0.028841385403320093,2.998709
76,2,0.02595733226272684,5.587921445004973e-11,0.03467987420227338,0.028841385736833595,5.955937
76,3,0.025957332276696606,4.190944813409203e-11,0.03467987417124061,0.028841385986968927,8.916312
76,4,0.025957332287173965,3.1432089570015975e-11,0.03467987414796608,0.028841386174570553,11.847506
76,5,0.02595733229503199,2.357406284070329e-11,0.03467987413051033,0.02884138631527189,14.880692
76,6,0.02595733230092549,1.7680565345123966e-11,0.03467987411741852,0.028841386420797893,17.822551
76,7,0.025957332305345623,1.3260430947736879e-11,0.034679874107599755,0.02884138649994244,20.730867
76,8,0.02595733230866071,9.945343160122633e-12,0.03467987410023558,0.028841386559300818,23.7307
76,9,0.025957332311147087,7.458967471452027e-12,0.03467987409471254,0.02884138660381967,26.690584
76,10,0.02595733231301183,5.594223001503806e-12,0.034679874090570245,0.028841386637208807,29.639995
76,11,0.025957332314410376,4.195678526830449e-12,0.03467987408746351,0.02884138666225061,32.403951
76,12,0.025957332315459283,3.1467710381871683e-12,0.03467987408513343,0.028841386681032036,35.164328
76,13,0.025957332316245984,2.3600704723847343e-12,0.034679874083385936,0.02884138669511806,37.918246
76,14,0.025957332316835988,1.7700667320763586e-12,0.034679874082075235,0.028841386705682582,40.670547
76,15,0.02595733231727852,1.3275353039077231e-12,0.03467987408109233,0.028841386713605935,43.413121
76,-1,None,None,0.03467987407814333,0.028841386737376178,43.433189
100,0,0.035163285489988476,0.035163285489988476,0.04738124771611277,0.03964937566051049,0.069382
100,1,0.035163285487273634,2.714842239903703e-12,0.04738124775913738,0.03964937567328329,3.723611
100,2,0.03516328548795234,2.0361351493747293e-12,0.04738124774838124,0.03964937567009012,7.401762
100,3,0.03516328548846137,1.527104831477999e-12,0.04738124774031414,0.039649375667695205,11.09103
100,4,0.03516328548884317,1.1453060722033115e-12,0.04738124773426377,0.039649375665899,14.752615
100,5,0.035163285489129496,8.589795541524836e-13,0.047381247729726,0.03964937566455185,18.402994
100,6,0.0351632854893442,6.442762989777862e-13,0.04738124772632264,0.03964937566354153,22.057664
100,7,0.03516328548950528,4.831968158924838e-13,0.04738124772377024,0.039649375662783704,25.700811
100,8,0.035163285489626085,3.623906730254589e-13,0.04738124772185581,0.03964937566221543,29.344141
100,9,0.03516328548971663,2.718450464733735e-13,0.04738124772041998,0.03964937566178912,32.997466
100,10,0.0351632854897846,2.0387858068460218e-13,0.04738124771934321,0.03964937566146951,36.659741
100,11,0.03516328548983561,1.5286383270307624e-13,0.04738124771853565,0.03964937566122977,40.461747
100,12,0.03516328548987382,1.1465828286816304e-13,0.04738124771792993,0.039649375661049924,44.498591
100,13,0.03516328548990246,8.6014528832834e-14,0.0473812477174756,0.039649375660915046,48.147911
100,14,0.035163285489923965,6.45108966246255e-14,0.04738124771713482,0.03964937566081393,51.809139
100,15,0.03516328548994007,4.8405723873656825e-14,0.047381247716879356,0.03964937566073799,55.458792
100,-1,None,None,0.04738124771611277,0.03964937566051049,55.523878
-----------------
Unpoisoned:
Validation MSE:0.00172437253446473
Test MSE:0.0019195157909519297
-----------------
Poisoned:
Validation MSE:0.04738124771611277
Test MSE:0.03964937566051049
-----------------
