poisct,itnum,obj_diff,obj_val,val_mse,test_mse,time
17,0,0.004635923287808694,0.004635923287808694,0.0072436592172667735,0.0064202788154131855,0.054332
17,1,0.004658319086002721,-2.2395798194027074e-05,0.00730374129711802,0.006419690686705662,0.768596
17,2,0.004676309448369465,-1.7990362366744096e-05,0.007344284255951243,0.0064308386846456235,1.451232
17,3,0.004693196916688501,-1.688746831903648e-05,0.00737970649976709,0.006429485493727578,2.202861
17,4,0.004709648687532751,-1.6451770844249335e-05,0.0074160627309341155,0.00643265961263914,3.026887
17,5,0.004725864859455852,-1.6216171923101076e-05,0.007448628227670172,0.006437146455929651,3.887504
17,6,0.004741332994830977,-1.5468135375125425e-05,0.007481284157537711,0.006442416355299256,4.597751
17,7,0.004755374577988179,-1.4041583157201575e-05,0.00751379165274998,0.0064452828213567605,5.34633
17,8,0.004769172770422322,-1.3798192434143035e-05,0.007540127541784518,0.0064467446959726215,6.194896
17,9,0.0047831574875614015,-1.3984717139079762e-05,0.007562820177952293,0.006448994879450925,6.959425
17,10,0.004797015258143478,-1.3857770582076379e-05,0.007583547792391159,0.006452986575030175,7.633278
17,11,0.004810622177754227,-1.360691961074887e-05,0.00760296620290651,0.006459242643400279,8.336181
17,12,0.004824169986428902,-1.3547808674675005e-05,0.007621016015984497,0.006466786693634593,9.070365
17,13,0.004837483188566932,-1.3313202138030313e-05,0.007636827961628098,0.006473641264467814,9.859142
17,14,0.004850590701545941,-1.3107512979009146e-05,0.007650709771804713,0.006479939945181168,10.563236
17,15,0.004863654670620151,-1.3063969074209557e-05,0.007663679822271468,0.006487221547717203,11.297802
17,-1,None,None,0.007663679822271468,0.006487221547717203,11.332933
35,0,0.0077641197748359566,0.0077641197748359566,0.009958384824308433,0.008307684094338089,0.066008
35,1,0.007794443953945334,-3.032417910937748e-05,0.010060231203654764,0.00827825797601313,1.536216
35,2,0.007816088136655268,-2.164418270993347e-05,0.010133125041631455,0.008260329128575985,2.899266
35,3,0.007837241471295416,-2.1153334640148375e-05,0.010178330469136385,0.008250196202270361,4.151818
35,4,0.007858241992060724,-2.1000520765307798e-05,0.010215997836651572,0.008241990623002272,5.553542
35,5,0.00788016456153652,-2.1922569475796988e-05,0.010245208118385227,0.008244047857749485,6.848954
35,6,0.00790224617265259,-2.208161111606939e-05,0.01027641252327929,0.008253684498404931,8.097814
35,7,0.0079249037478431,-2.2657575190510384e-05,0.01031355490432592,0.008268923099013597,9.540501
35,8,0.007949287821177962,-2.438407333486131e-05,0.01035088207714895,0.008288909926247874,10.795541
35,9,0.007974345148485452,-2.5057327307490343e-05,0.01038768045445982,0.008312558961968048,12.141639
35,10,0.00799906570271832,-2.4720554232868577e-05,0.010423576280085962,0.00834149021674171,13.47746
35,11,0.008023576971587077,-2.451126886875675e-05,0.010457280601295511,0.008375871745005136,14.723029
35,12,0.00804768085482822,-2.4103883241142696e-05,0.010491667374694274,0.008414476325370783,16.132078
35,13,0.008071564347768814,-2.3883492940593443e-05,0.01053554599368225,0.008460485830858963,17.432909
35,14,0.008096057332540443,-2.4492984771629783e-05,0.010583913827269415,0.00851181791729738,18.731753
35,15,0.008120381450150213,-2.432411760977006e-05,0.010628249534272247,0.008563407045001706,20.134402
35,-1,None,None,0.010628249534272247,0.008563407045001706,20.164576
55,0,0.01171643795622423,0.01171643795622423,0.014209205420445858,0.011345650744924407,0.057826
55,1,0.011761951150704846,-4.551319448061614e-05,0.01428051002593817,0.011238491360757502,2.029669
55,2,0.011797921622375621,-3.5970471670775106e-05,0.014382751098302539,0.011204390528268453,4.129581
55,3,0.011835716439038002,-3.77948166623808e-05,0.014472087224307257,0.011195048236630758,6.247287
55,4,0.01187484231508733,-3.9125876049327796e-05,0.014568948639278474,0.011208603129524042,8.242348
55,5,0.011915002749506956,-4.016043441962616e-05,0.01464547151360399,0.011228052609895844,10.361884
55,6,0.011954643246926803,-3.964049741984714e-05,0.014705602318809033,0.011256801926069662,12.298966
55,7,0.011993420475635123,-3.87772287083199e-05,0.01476098111007925,0.011289955723738953,14.431459
55,8,0.012031881134461206,-3.846065882608281e-05,0.014813660892313243,0.011329498997204573,16.448568
55,9,0.012070441271400832,-3.856013693962629e-05,0.014861886205577877,0.011373269425536313,18.497015
55,10,0.012109481804942134,-3.904053354130202e-05,0.014909110800404865,0.011415895784232738,20.601342
55,11,0.01214720689215832,-3.772508721618627e-05,0.014974041564351663,0.011463420192266144,22.551018
55,12,0.01218460278600016,-3.739589384183992e-05,0.015044982649310168,0.011518902948559333,24.69014
55,13,0.012215920483537182,-3.131769753702239e-05,0.01509962320024214,0.011577489060929069,26.791843
55,14,0.012243960267905531,-2.8039784368348586e-05,0.01515454425384586,0.011632772445128059,28.869616
55,15,0.012270885365758776,-2.6925097853245164e-05,0.015209352297182756,0.011688915244921645,30.958374
55,-1,None,None,0.015209352297182756,0.011688915244921645,30.997412
76,0,0.015767794595998884,0.015767794595998884,0.021354171301001115,0.017022080144660057,0.082119
76,1,0.015805462993870575,-3.766839787169157e-05,0.02141791642637022,0.016821814119653195,2.824486
76,2,0.015837890197837285,-3.2427203966709645e-05,0.021477658320513463,0.016695308774596195,5.610459
76,3,0.015873758941846377,-3.5868744009091846e-05,0.02154710237822036,0.016624609166362,8.47566
76,4,0.015906382641527286,-3.262369968090942e-05,0.021615733273836396,0.016582691685325883,11.303577
76,5,0.015942715547914675,-3.6332906387388786e-05,0.021686717032995163,0.016558073431408745,14.111355
76,6,0.015977563582693238,-3.484803477856249e-05,0.02175987964262104,0.016555726685581963,16.958448
76,7,0.016011295869933495,-3.373228724025748e-05,0.021824833584135582,0.016549717495435493,19.741804
76,8,0.016041820428195564,-3.052455826206904e-05,0.0219173527861458,0.016590277759864516,22.572622
76,9,0.016071891788240835,-3.0071360045270945e-05,0.02202155168506727,0.016646011568156868,25.420053
76,10,0.016099763446052143,-2.7871657811307654e-05,0.02212341211234306,0.016716200962574788,28.214872
76,11,0.01612671150679148,-2.6948060739336033e-05,0.02222318124111293,0.016782717883110795,31.121405
76,12,0.016153189913802872,-2.6478407011393257e-05,0.02232470941943343,0.01684730861787722,34.073316
76,13,0.016178507298227066,-2.531738442419426e-05,0.02241784640141093,0.016914827596854927,37.008826
76,14,0.016205653349397338,-2.7146051170271607e-05,0.02250812532785018,0.016988735314447473,39.883909
76,15,0.016233082046034318,-2.742869663698022e-05,0.022577928232375893,0.017060966202365725,42.728366
76,-1,None,None,0.022577928232375893,0.017060966202365725,42.772771
100,0,0.021573717381729703,0.021573717381729703,0.029030406550623267,0.02288407406286774,0.060198
100,1,0.021629151459700537,-5.543407797083469e-05,0.029274005876996453,0.022620961737036097,3.735229
100,2,0.02166033941622374,-3.1187956523202887e-05,0.029538841304819808,0.022640017159961005,7.369704
100,3,0.021702436312690414,-4.209689646667361e-05,0.029586019772717135,0.022541743371966308,11.087094
100,4,0.021736281847987097,-3.384553529668308e-05,0.029762707489661873,0.022610879649416275,14.752042
100,5,0.021778175207569254,-4.18933595821569e-05,0.02988900926519359,0.022664518185558785,18.411248
100,6,0.021807580482087103,-2.9405274517849134e-05,0.029989379275651595,0.022765566384469364,21.99462
100,7,0.021841042597682783,-3.3462115595680325e-05,0.030083766085990202,0.022860814669048515,25.585398
100,8,0.02187065619968131,-2.9613601998525196e-05,0.03015185828838137,0.022951736147120615,29.183508
100,9,0.02190248043417104,-3.182423448973293e-05,0.03024109082661724,0.02304964751036016,32.769123
100,10,0.021933136091146464,-3.065565697542294e-05,0.030325134339526803,0.02313256374880771,36.439246
100,11,0.021963504079004343,-3.0367987857878725e-05,0.030419207881291065,0.0232123280015862,40.042174
100,12,0.021993542054135857,-3.003797513151385e-05,0.030521069804963264,0.023295520643810762,43.640152
100,13,0.022022852807321736,-2.931075318587939e-05,0.03061801574186351,0.023379726546353487,47.212492
100,14,0.022051356260894467,-2.8503453572730625e-05,0.03070248704137769,0.02345830951912539,50.806604
100,15,0.0220794075071006,-2.805124620613303e-05,0.03078591085156671,0.023538938992192057,54.391865
100,-1,None,None,0.03078591085156671,0.023538938992192057,54.433233
-----------------
Unpoisoned:
Validation MSE:0.00171666323317184
Test MSE:0.0018676743010748156
-----------------
Poisoned:
Validation MSE:0.03078591085156671
Test MSE:0.023538938992192057
-----------------
