poisct,itnum,obj_diff,obj_val,val_mse,test_mse,time
17,0,0.006488208371755431,0.006488208371755431,0.010483885998528135,0.009481009681024131,0.019811
17,1,0.006482500437629361,5.7079341260696595e-06,0.010477079239639203,0.009477138671803682,0.741166
17,2,0.006483719585440111,4.488786315319689e-06,0.01048001922016448,0.009478405398815636,1.426837
17,3,0.006484733774517549,3.474597237881384e-06,0.010480605995081875,0.009478758485825719,2.132174
17,4,0.006485510885067649,2.6974866877815112e-06,0.010481217386490166,0.00947909866601837,2.812238
17,5,0.006486153955535837,2.0544162195939783e-06,0.010481782609803996,0.009479481885338524,3.495125
17,6,0.006486403973531613,1.8043982238178519e-06,0.010482147228901943,0.009479377513352186,4.176084
17,7,0.006486835345491947,1.3730262634834012e-06,0.010482537731308314,0.009479735078111739,4.851309
17,8,0.0064871749403032685,1.033431452162302e-06,0.010482855270650515,0.009480040742873752,5.526338
17,9,0.006487233286908246,9.750848471851148e-07,0.010482954988386297,0.009480078056907091,6.197337
17,10,0.0064874805582776,7.278134778309492e-07,0.010483181429179483,0.009480314352254784,6.870464
17,11,0.006487602180534401,6.061912210296796e-07,0.01048324734268381,0.009480500277022361,7.543744
17,12,0.006487754254325493,4.541174299377282e-07,0.010483402767007448,0.009480627256451097,8.210745
17,13,0.006487849263647204,3.5910810822648714e-07,0.010483497868191185,0.009480636696197437,8.872819
17,14,0.006487839707605242,3.686641501885607e-07,0.010483490271783207,0.009480621350266396,9.527941
17,15,0.006487915178727231,2.9319302819949544e-07,0.010483581250547129,0.009480659764567866,10.188661
17,-1,None,None,0.010483885998528135,0.009481009681024131,10.19996
35,0,0.012244999138334246,0.012244999138334246,0.015343443685190916,0.013323125859034753,0.073118
35,1,0.012244992107096774,7.031237472462926e-09,0.015345014056386117,0.01332095347601846,1.47105
35,2,0.012244992565777175,6.5725570715102766e-09,0.015344650306908654,0.01332143305411933,2.807188
35,3,0.01224499361177836,5.5265558865369435e-09,0.015344345429924734,0.01332185210027069,4.150714
35,4,0.012244995481920208,3.6564140378642085e-09,0.01534412137968242,0.013322172550312228,5.488562
35,5,0.012244996280685951,2.8576482950792848e-09,0.015343950868443345,0.01332240995354808,6.821424
35,6,0.012244996930266018,2.2080682282599184e-09,0.015343823602303203,0.013322588409517657,8.172753
35,7,0.012244997445729646,1.6926045998816308e-09,0.01534372881172086,0.01332272248131249,9.50766
35,8,0.01224499784832316,1.290011085799958e-09,0.01534365734898892,0.013322823164332524,10.86966
35,9,0.012244998159265174,9.790690723432416e-10,0.01534360385873311,0.01332289874604184,12.202523
35,10,0.012244998397528139,7.408061074298811e-10,0.015343563769612325,0.013322955472721885,13.539168
35,11,0.01224499857906921,5.592650370589425e-10,0.0153435337190938,0.013322998040442409,14.872419
35,12,0.012244998716825255,4.2150899090542815e-10,0.015343511190055678,0.013323029979024839,16.213352
35,13,0.012244998821042434,3.172918126154167e-10,0.015343494298255666,0.013323053940157186,17.548285
35,14,0.012244998899712721,2.38621525316951e-10,0.015343481646675263,0.013323071914435531,18.896681
35,15,0.012244998959000917,1.7933332943642633e-10,0.01534347216775952,0.013323085397070855,20.267494
35,-1,None,None,0.015343443685190916,0.013323125859034753,20.304463
55,0,0.018596164001432897,0.018596164001432897,0.022561175330340643,0.018857734763983294,0.047646
55,1,0.018596155809963016,8.191469880874935e-09,0.022561151894710828,0.01885769180129467,2.056726
55,2,0.018596157857377154,6.144055743340093e-09,0.022561157750462996,0.018857702538022162,4.046819
55,3,0.018596159393136073,4.608296823999103e-09,0.022561162143657536,0.01885771059229356,6.044264
55,4,0.01859616054506684,3.456366057946747e-09,0.022561165439329938,0.018857716633967903,8.029231
55,5,0.018596161409077706,2.59235519162182e-09,0.022561167911521074,0.018857721165769736,10.024144
55,6,0.018596162057121106,1.9443117914297314e-09,0.022561169765910067,0.018857724564928215,12.004189
55,7,0.018596162543173526,1.4582593708956093e-09,0.02256117115684003,0.01885772711446984,13.989107
55,8,0.018596162907723993,1.0937089046925141e-09,0.02256117220011519,0.01885772902672324,15.974778
55,9,0.018596163181143138,8.202897597286984e-10,0.022561172982615348,0.018857730460967975,17.966857
55,10,0.018596163386211034,6.152218630373074e-10,0.02256117356951504,0.018857731536682288,19.955991
55,11,0.018596163540013932,4.6141896553608674e-10,0.02256117400970362,0.01885773234348525,21.993622
55,12,0.01859616365536727,3.460656275433571e-10,0.022561174339852937,0.018857732948597303,24.031023
55,13,0.018596163741882853,2.5955004465116893e-10,0.022561174587469167,0.018857733402436745,26.196161
55,14,0.018596163806769893,1.9466300446580043e-10,0.022561174773183878,0.01885773374281939,28.234261
55,15,0.018596163855435395,1.4599750228216912e-10,0.022561174912471286,0.01885773399810818,30.237621
55,-1,None,None,0.022561175330340643,0.018857734763983294,30.260754
76,0,0.025957332318606054,0.025957332318606054,0.03467987407814333,0.028841386737376178,0.037466
76,1,0.025957332247341175,7.126487941433446e-11,0.034679874235825435,0.02884138548429486,2.802378
76,2,0.025957332265157337,5.344871767398729e-11,0.03467987419640435,0.02884138579756469,5.542801
76,3,0.02595733227851947,4.008658335830084e-11,0.03467987416683887,0.028841386032517242,8.278791
76,4,0.025957332288541114,3.0064940120810846e-11,0.034679874144664835,0.028841386208731837,11.016695
76,5,0.025957332296057345,2.2548709427416824e-11,0.0346798741280344,0.028841386340892807,13.755393
76,6,0.025957332301694527,1.6911527733753928e-11,0.034679874115561574,0.028841386440013616,16.51915
76,7,0.0259573323059224,1.268365273920935e-11,0.03467987410620701,0.028841386514354212,19.274625
76,8,0.0259573323090933,9.512755166918296e-12,0.034679874099191065,0.02884138657010966,22.12434
76,9,0.0259573323114715,7.1345533647626524e-12,0.0346798740939291,0.028841386611926284,24.889575
76,10,0.02595733231325513,5.350924564551107e-12,0.03467987408998264,0.028841386643288745,27.642915
76,11,0.02595733231459286,4.013196025498544e-12,0.03467987408702284,0.02884138666681059,30.422605
76,12,0.025957332315596177,3.0098770698039345e-12,0.03467987408480298,0.02884138668445202,33.17696
76,13,0.02595733231634865,2.257406067629475e-12,0.03467987408313808,0.028841386697683068,35.919231
76,14,0.025957332316912992,1.693062356977748e-12,0.0346798740818894,0.02884138670760629,38.760286
76,15,0.025957332317336247,1.269807176074167e-12,0.03467987408095283,0.02884138671504874,41.50344
76,-1,None,None,0.03467987407814333,0.028841386737376178,41.523786
100,0,0.035163285489988476,0.035163285489988476,0.04738124771611277,0.03964937566051049,0.081124
100,1,0.035163285487388986,2.5994900676451493e-12,0.04738124775735322,0.03964937567339142,3.722387
100,2,0.03516328548803885,1.949627959074718e-12,0.04738124774704322,0.0396493756701712,7.392256
100,3,0.03516328548852625,1.4622261734764663e-12,0.04738124773931058,0.03964937566775594,11.050394
100,4,0.035163285488891804,1.0966713648308257e-12,0.04738124773351113,0.039649375665944606,14.707018
100,5,0.035163285489165926,8.225503611569707e-13,0.04738124772916143,0.03964937566458608,18.36874
100,6,0.03516328548937162,6.168537902695448e-13,0.04738124772589947,0.03964937566356723,22.160883
100,7,0.03516328548952581,4.626646288308223e-13,0.04738124772345272,0.03964937566280304,25.80339
100,8,0.035163285489641455,3.470210230283044e-13,0.04738124772161772,0.03964937566222988,29.450026
100,9,0.03516328548972819,2.6028484922946404e-13,0.047381247720241396,0.03964937566179994,33.097404
100,10,0.035163285489793285,1.9519108551691033e-13,0.04738124771920924,0.0396493756614776,36.742052
100,11,0.03516328548984207,1.464037224785386e-13,0.04738124771843511,0.03964937566123584,40.410524
100,12,0.03516328548987866,1.098149349232358e-13,0.04738124771785455,0.039649375661054455,44.046909
100,13,0.0351632854899061,8.237854842718662e-14,0.047381247717419,0.03964937566091846,47.705153
100,14,0.03516328548992669,6.178391132038996e-14,0.04738124771709251,0.03964937566081639,51.343069
100,15,0.03516328548994216,4.631711680858075e-14,0.04738124771684757,0.03964937566073996,55.008017
100,-1,None,None,0.04738124771611277,0.03964937566051049,55.066763
-----------------
Unpoisoned:
Validation MSE:0.00172437253446473
Test MSE:0.0019195157909519297
-----------------
Poisoned:
Validation MSE:0.04738124771611277
Test MSE:0.03964937566051049
-----------------
Defensed:
Validation MSE:0.0017324378140230528
Test MSE:0.0019441142785288595
-----------------
