poisct,itnum,obj_diff,obj_val,val_mse,test_mse,time
17,0,0.0046274651968709404,0.0046274651968709404,0.007193598838061123,0.006456225316606607,0.01796
17,1,0.004624606252167511,2.858944703429747e-06,0.007206290792793857,0.00649197091546305,0.761729
17,2,0.0046250488256618354,2.4163712091049977e-06,0.007202831291993893,0.006482701562297865,1.608742
17,3,0.004625480885620176,1.9843112507647587e-06,0.007199884961999634,0.006475023616445525,2.37955
17,4,0.004625832817610053,1.6323792608871276e-06,0.007198011569192878,0.006469813889684459,3.076141
17,5,0.004626126522607566,1.3386742633743343e-06,0.0071966286184688465,0.0064658780514777695,3.856037
17,6,0.004626311940902942,1.153255967998798e-06,0.007195838285944055,0.006463619657053629,4.753694
17,7,0.004626332557674693,1.13263919624719e-06,0.007195848021117628,0.006463590008336117,5.583357
17,8,0.004626513749085522,9.514477854180234e-07,0.0071951110649670835,0.006461396787147136,6.281486
17,9,0.004626742745072961,7.224517979791123e-07,0.007194644603620809,0.006459988450511921,7.013365
17,10,0.004626882092270526,5.831046004144483e-07,0.0071944264647773315,0.006459313357036095,7.765823
17,11,0.004627025517819826,4.396790511144652e-07,0.007194160889636575,0.006458461251367511,8.58958
17,12,0.0046271107383653465,3.5445850559388814e-07,0.007194089533195399,0.006458104708935276,9.374625
17,13,0.004627205509155127,2.596877158138333e-07,0.007193935090220534,0.006457577135268911,10.058503
17,14,0.004627217217425722,2.4797944521860044e-07,0.00719388804781814,0.006457413015956908,10.710907
17,15,0.004627245433421632,2.1976344930819958e-07,0.007193847876814748,0.006457274816960828,11.37637
17,-1,None,None,0.007193598838061123,0.006456225316606607,11.386981
35,0,0.007760306909395052,0.007760306909395052,0.009909679627125297,0.008366380704536568,0.038651
35,1,0.007760406064845265,-9.915545021253053e-08,0.009911991393924893,0.008366456557330076,1.615346
35,2,0.007760509410437856,-1.03345592591432e-07,0.009914314839801628,0.008366558815575499,2.932737
35,3,0.007760617012273171,-1.0760183531514922e-07,0.009916665604195097,0.008366690746600614,4.327673
35,4,0.007760728945116434,-1.1193284326239256e-07,0.009919034808354033,0.00836686699672647,5.73676
35,5,0.007760844967711148,-1.1602259471395204e-07,0.009921417056469322,0.008367077893260143,7.160427
35,6,0.0077609653455505065,-1.203778393589136e-07,0.009923826333953929,0.008367323977393096,8.649481
35,7,0.007761090164862839,-1.2481931233217225e-07,0.009926269554088558,0.008367619915195546,9.940333
35,8,0.007761219379556799,-1.2921469396028062e-07,0.009928739041671976,0.008367945560551336,11.34672
35,9,0.0077613345529935224,-1.1517343672350078e-07,0.009931242910681998,0.008368216447476807,12.727754
35,10,0.007761434654563042,-1.0010156951956173e-07,0.009933751925770274,0.008368414450735018,14.004528
35,11,0.007761532624191532,-9.7969628489597e-08,0.009936368034200255,0.008368714097842104,15.472076
35,12,0.007761630410207535,-9.778601600327064e-08,0.009939151116136696,0.008369177082499436,16.826394
35,13,0.007761732965761232,-1.0255555369688418e-07,0.009941964518088096,0.008369680410701739,18.189015
35,14,0.00776184029033663,-1.0732457539786716e-07,0.00994482781100073,0.008370231734673843,19.601889
35,15,0.0077619524938964644,-1.1220355983481561e-07,0.009947708104932958,0.008370837400329678,20.903551
35,-1,None,None,0.009947708104932958,0.008370837400329678,20.921647
55,0,0.011729386282218184,0.011729386282218184,0.014158556321699194,0.01137149982123842,0.043537
55,1,0.01172933961382432,4.666839386463506e-08,0.014158613925456698,0.011370684001402303,2.2415
55,2,0.011729350110094698,3.617212348573651e-08,0.014158594902780184,0.01137085776964808,4.298516
55,3,0.01172935811714704,2.8165071143393394e-08,0.014158582483777344,0.011370996987027442,6.473894
55,4,0.011729364863899363,2.141831882164491e-08,0.014158573330648305,0.011371116169468318,8.680029
55,5,0.011729370030066931,1.62521512532543e-08,0.014158567381246021,0.011371212183835348,10.695903
55,6,0.01172937398793325,1.2294284933850319e-08,0.014158563662648494,0.011371283001159173,12.902191
55,7,0.011729377003628475,9.278589709060814e-09,0.014158561289251016,0.011371336537141596,14.988849
55,8,0.0117293792916826,6.990535584422419e-09,0.014158559748614923,0.011371377037585857,17.095438
55,9,0.011729381021453662,5.260764521924921e-09,0.014158558725277747,0.011371407557803382,19.254194
55,10,0.011729382325871191,3.956346993072568e-09,0.014158558029770223,0.011371430526948974,21.247251
55,11,0.011729383308871128,2.9733470564147213e-09,0.014158557549273169,0.011371447796087461,23.427485
55,12,0.011729384048784043,2.233434140755386e-09,0.01415855721229759,0.011371460771756173,25.493404
55,13,0.01172938460521666,1.6770015237588254e-09,0.014158556972726785,0.011371470516903591,27.643303
55,14,0.011729385023383741,1.258834442935397e-09,0.01415855680045175,0.011371477833299306,29.835268
55,15,0.01172938533748297,9.447352136704446e-10,0.014158556675409655,0.011371483324834578,31.829678
55,-1,None,None,0.014158556321699194,0.01137149982123842,31.850082
76,0,0.01581240648785349,0.01581240648785349,0.021404717693653513,0.017327060225897237,0.04324
76,1,0.015812398819546925,7.668306566122052e-09,0.021404689862056268,0.017327039536950035,2.985951
76,2,0.015812400736424474,5.751429017070153e-09,0.021404696818198947,0.017327044707299274,5.924951
76,3,0.01581240217416974,4.313683750478692e-09,0.021404702036074495,0.01732704858588706,8.839968
76,4,0.015812403252527675,3.235325816280943e-09,0.021404705949913456,0.01732705149529235,11.732944
76,5,0.0158124040613237,2.4265297896008953e-09,0.021404708885535847,0.01732705367760764,14.657104
76,6,0.01581240466793622,1.819917272438687e-09,0.021404711087389425,0.017327055314491066,17.530272
76,7,0.015812405122904324,1.364949167581564e-09,0.02140471273885651,0.01732705654223631,20.459553
76,8,0.015812405464135308,1.0237181831407316e-09,0.021404713977500118,0.017327057463091756,23.378055
76,9,0.015812405720061328,7.677921631810136e-10,0.021404714906507225,0.01732705815375951,26.299434
76,10,0.01581240591200736,5.758461311955454e-10,0.02140471560327618,0.017327058671775013,29.174241
76,11,0.015812406055967784,4.3188570775232193e-10,0.021404716125860593,0.017327059060294924,32.45573
76,12,0.01581240616393857,3.2391492266192756e-10,0.02140471651780325,0.017327059351689517,35.28889
76,13,0.015812406244916966,2.4293652506335306e-10,0.021404716811762693,0.017327059570238085,38.64403
76,14,0.01581240630565089,1.8220260022960844e-10,0.02140471703223363,0.017327059734150965,42.008138
76,15,0.01581240635120144,1.3665205078616793e-10,0.02140471719758762,0.01732705985708648,45.269335
76,-1,None,None,0.021404717693653513,0.017327060225897237,45.300062
100,0,0.02166034219207679,0.02166034219207679,0.02942549640891239,0.0234224162509145,0.057448
100,1,0.02166034215083115,4.12456423182217e-11,0.02942549761096755,0.023422416128564397,4.129769
100,2,0.021660342161142543,3.0934248218539295e-11,0.029425497310453533,0.023422416159151603,8.345178
100,3,0.021660342168876086,2.3200705245862707e-11,0.029425497085068107,0.02342241618209213,12.593178
100,4,0.021660342174676227,1.740056362886655e-11,0.029425496916029043,0.023422416199297535,16.735015
100,5,0.021660342179026373,1.3050418384841223e-11,0.029425496789249935,0.02342241621220178,20.650123
100,6,0.02166034218228899,9.787802512928323e-12,0.029425496694165457,0.02342241622187989,24.536207
100,7,0.021660342184735937,7.340853619419718e-12,0.0294254966228522,0.023422416229138557,28.408247
100,8,0.021660342186571136,5.5056549597143345e-12,0.029425496569367188,0.023422416234582476,32.277163
100,9,0.021660342187947552,4.129238617700537e-12,0.02942549652925353,0.023422416238665512,36.406852
100,10,0.021660342188979886,3.096904677146739e-12,0.029425496499168268,0.023422416241727764,40.379467
100,11,0.02166034218975414,2.3226524870079146e-12,0.029425496476604307,0.02342241624402443,44.276578
100,12,0.021660342190334782,1.7420093145759097e-12,0.029425496459681316,0.02342241624574697,48.149486
100,13,0.0216603421907703,1.3064896386971725e-12,0.029425496446989118,0.02342241624703882,52.203217
100,14,0.021660342191096922,9.798689637463553e-13,0.029425496437469917,0.023422416248007772,56.02977
100,15,0.02166034219134188,7.349121311506224e-13,0.02942549643033048,0.023422416248734406,59.838731
100,-1,None,None,0.02942549640891239,0.0234224162509145,59.868952
-----------------
Unpoisoned:
Validation MSE:0.00172437253446473
Test MSE:0.0019195157909519297
-----------------
Poisoned:
Validation MSE:0.02942549640891239
Test MSE:0.0234224162509145
-----------------
