poisct,itnum,obj_diff,obj_val,val_mse,test_mse,time
17,0,0.10290448839573166,0.10290448839573166,0.025533539738274488,0.029309633364870868,0.009545
17,1,0.11505222246248417,-0.012147734066752514,0.0252694174218056,0.029033692753419084,0.235136
17,2,0.1270181502619202,-0.011965927799436032,0.02508209332126181,0.028834333099918695,0.460337
17,3,0.13476750104386426,-0.007749350781944053,0.025003186774001138,0.028764594381494667,0.690373
17,4,0.14116313210760478,-0.006395631063740526,0.02498576807916415,0.028755267228874132,0.94453
17,5,0.14649607130774386,-0.005332939200139081,0.025012580693148635,0.028786660744241716,1.188942
17,6,0.15121453388496425,-0.004718462577220389,0.025067495406322488,0.02884047269788116,1.421345
17,7,0.15536046737796913,-0.0041459334930048775,0.025142382945308843,0.028908802600178238,1.648539
17,8,0.1589042365770739,-0.0035437691991047626,0.025230861694521288,0.0289841670719667,1.865668
17,9,0.16185488928364009,-0.0029506527065661925,0.02532248643515841,0.029054903989364743,2.077578
17,10,0.16428117000757242,-0.0024262807239323336,0.025412511925271025,0.02911896347415347,2.278189
17,11,0.1662303914358557,-0.001949221428283271,0.025498500242538528,0.029177967621762165,2.47963
17,12,0.1677502362588409,-0.0015198448229852002,0.02557541179364659,0.029230714880333162,2.679209
17,13,0.16889102557005548,-0.001140789311214585,0.02563978055899729,0.02927525007386779,2.881261
17,14,0.16971291593191495,-0.0008218903618594786,0.02568909466912958,0.02931077512948873,3.083156
17,15,0.17027510764433176,-0.0005621917124168097,0.025723035688851526,0.029336409313578785,3.264659
17,-1,None,None,0.025723035688851526,0.029336409313578785,3.271284
35,0,0.11818325850059475,0.11818325850059475,0.028807555333966263,0.033399542584687844,0.007412
35,1,0.141741078043093,-0.02355781954249825,0.02837138132495665,0.032835618839801815,0.413133
35,2,0.16620512504150747,-0.02446404699841448,0.028105443403670972,0.03245607071204157,0.85961
35,3,0.18292271924418468,-0.01671759420267721,0.02807351789529481,0.03235592495824216,1.281026
35,4,0.19393932736020383,-0.01101660811601915,0.02820678292915026,0.03244303543218249,1.776618
35,5,0.20214337918386813,-0.008204051823664293,0.028433399278571983,0.03261933954171244,2.230572
35,6,0.2086878969304684,-0.006544517746600281,0.028693303036520085,0.0328288404172137,2.640592
35,7,0.21409327495891944,-0.0054053780284510355,0.028960823044546037,0.03303820578803124,3.040125
35,8,0.21836335388833544,-0.004270078929415999,0.029214436727135126,0.03323256946901108,3.42716
35,9,0.22159270087346739,-0.0032293469851319423,0.029430444373014463,0.03339317923513471,3.817062
35,10,0.22404380695785742,-0.002451106084390031,0.029580777355461094,0.03349710067360442,4.170346
35,11,0.22571053959263682,-0.0016667326347793998,0.029673853536627045,0.033573318912657364,4.542785
35,12,0.22677027780988185,-0.001059738217245032,0.029716497506793255,0.033629082515537666,4.90184
35,13,0.22738286470802815,-0.0006125868981463056,0.029721804603645707,0.03366211912632308,5.245957
35,14,0.22769476865410207,-0.0003119039460739159,0.029700334114717054,0.033671498728175056,5.596731
35,15,0.22784530934548128,-0.00015054069137920845,0.029668363954102276,0.033672980468573054,5.956435
35,-1,None,None,0.029668363954102276,0.033672980468573054,5.964127
55,0,0.12723430183737847,0.12723430183737847,0.03197438692343195,0.037432693438999666,0.005848
55,1,0.16721894097496015,-0.039984639137581685,0.031472269343168706,0.03663466010024403,0.658165
55,2,0.20684336944241088,-0.039624428467450734,0.031172108599351486,0.036052302935264374,1.295909
55,3,0.23012363330626165,-0.023280263863850764,0.031207044166839278,0.03592425332310247,1.945509
55,4,0.24261946435594278,-0.012495831049681133,0.03146705591908813,0.03609494891401785,2.635772
55,5,0.2500412896145166,-0.007421825258573822,0.03186162072238239,0.03641787005722586,3.375159
55,6,0.25574965557950674,-0.005708365964990136,0.0322545612498133,0.036746097206443645,4.002331
55,7,0.26004058487486126,-0.0042909292953545175,0.032620657218436155,0.037067797358630465,4.620545
55,8,0.26321522976805284,-0.0031746448931915805,0.03293120846746222,0.03735202573312214,5.174804
55,9,0.2657033680916166,-0.00248813832356376,0.033142484013844516,0.0375559060338652,5.728386
55,10,0.26740529337235797,-0.0017019252807413676,0.033293279148296565,0.037717938204536026,6.256952
55,11,0.268521633856333,-0.0011163404839750202,0.03338763736855887,0.03783935055661656,6.781732
55,12,0.2692169299456832,-0.0006952960893502058,0.033430820579062014,0.03789994559180689,7.265928
55,13,0.2696011795661455,-0.0003842496204622958,0.033425284848802236,0.03791761096251596,7.759622
55,14,0.2697880804610114,-0.00018690089486589345,0.03340084186984034,0.037927777272197136,8.218243
55,15,0.26984849740465305,-6.041694364167238e-05,0.03336654723972647,0.03793735714395451,8.678444
55,-1,None,None,0.03336654723972647,0.03793735714395451,8.700959
76,0,0.13154693838081,0.13154693838081,0.03524007488111683,0.04117857509772859,0.012532
76,1,0.1837958825409095,-0.05224894416009951,0.03477516852873726,0.03994024583620876,0.889853
76,2,0.23777036601568263,-0.05397448347477313,0.034375183711466174,0.0388911852212225,1.761722
76,3,0.26946494860745485,-0.031694582591772213,0.03437242302454011,0.038506374657630106,2.630888
76,4,0.28452718053037346,-0.015062231922918612,0.034749496342768624,0.038650468451934004,3.460836
76,5,0.2918089449721468,-0.007281764441773364,0.03532286433023903,0.039063266471792826,4.296276
76,6,0.2964473183662025,-0.00463837339405565,0.035882568317167685,0.039527781250828294,5.10033
76,7,0.2996303451393995,-0.0031830267731970396,0.036372673246835574,0.039944369272683,5.893903
76,8,0.30208528926015793,-0.0024549441207584177,0.03678006650956973,0.04030230615766947,6.68343
76,9,0.3041277086428007,-0.0020424193826427683,0.03705913623739681,0.040560654813200356,7.442019
76,10,0.3055872782540425,-0.0014595696112418288,0.037236904913553394,0.04075092820607301,8.162105
76,11,0.3065481642737817,-0.0009608860197391489,0.03733156032156982,0.040888279918117366,8.828545
76,12,0.30710426664437884,-0.0005561023705971668,0.037362131621293176,0.04095385188617425,9.486881
76,13,0.3073427647956225,-0.00023849815124366014,0.03735730328609821,0.04098660741448234,10.124588
76,14,0.3074292951718385,-8.653037621597637e-05,0.03733160569173004,0.041003767223796304,10.74204
76,15,0.3074625202498042,-3.3225077965715055e-05,0.03729966674468955,0.04100749844097244,11.326446
76,-1,None,None,0.03729966674468955,0.04100749844097244,11.336967
100,0,0.12363766832417283,0.12363766832417283,0.04026386865765406,0.051172590943102086,0.009552
100,1,0.16976115854751683,-0.046123490223344,0.03916028255844479,0.04767724904641317,1.129044
100,2,0.23468697663309682,-0.06492581808557998,0.03878260883234756,0.04617191485961202,2.280802
100,3,0.2835017165017164,-0.04881473986861959,0.038729463334594906,0.045203108133206056,3.414346
100,4,0.3097483002794704,-0.026246583777754018,0.039160467312774366,0.04504996911836615,4.517996
100,5,0.32234992767524595,-0.012601627395775528,0.0398549922958094,0.045309892451051464,5.57917
100,6,0.33012305365967953,-0.007773125984433582,0.040538536810066944,0.04564369757531377,6.728432
100,7,0.33565025370195445,-0.005527200042274916,0.041058980755402257,0.045917308529306554,7.854723
100,8,0.3398320704499847,-0.004181816748030254,0.04140818414910497,0.046129794493180575,8.775025
100,9,0.34312101987782395,-0.0032889494278392495,0.04163781655643427,0.04630958464491172,9.641346
100,10,0.3456184403124652,-0.00249742043464124,0.041746697191626866,0.046414932812706686,10.447503
100,11,0.34723971354295097,-0.0016212732304857758,0.04176009778837076,0.046430974422195764,11.234334
100,12,0.34819474586313276,-0.0009550323201817923,0.041724056011237874,0.0463881204251135,12.208429
100,13,0.34863805787413915,-0.0004433120110063915,0.04167612331285417,0.046340070635468626,13.108158
100,14,0.3487375653784701,-9.950750433096456e-05,0.041630884363628745,0.04631592884195804,13.846392
100,15,0.34877174771324404,-3.4182334773924516e-05,0.041622959106803095,0.04631274555625724,14.564932
100,-1,None,None,0.041622959106803095,0.04631274555625724,14.576373
-----------------
Unpoisoned:
Validation MSE:0.025061966644703264
Test MSE:0.02753436909377062
-----------------
Poisoned:
Validation MSE:0.041622959106803095
Test MSE:0.04631274555625724
-----------------
Defensed:
Validation MSE:0.025054557155353433
Test MSE:0.027649077175999612
-----------------
